 -6.10471890e-19
 -5.82178630e-06
 1.66010470e+01
 1.30163140e+01
 8.28430120e+00
 1.13153440e+00
 4.44306840e-02
 4.08501170e-04
 -1.35956650e-07
 -1.44740950e-08
 -8.35966000e-11
 -3.08013590e-13
 -9.08473780e-16
 -2.20386900e-18
 -4.62036220e-21
 -8.67002900e-24
 -1.49258500e-26
 -2.39985030e-29
 -3.65182140e-32
 -5.31231170e-35
 -9.83429930e-31
 -1.66060280e-09
 3.41881650e+00
 1.29758030e+01
 9.72803380e+00
 4.22994610e+00
 1.91945580e+00
 5.80831660e-01
 7.77735050e-02
 3.38573550e-03
 2.80568630e-05
 -1.73480140e-06
 -7.86862160e-08
 -2.05309590e-09
 -4.17586560e-11
 -7.66239560e-13
 -1.28864070e-14
 -1.97577600e-16
 -2.80253190e-18
 -3.72749610e-20
