  -1.7498315e-18
  -9.9926105e-05
   1.6588197e+01
   1.3016811e+01
   8.2827578e+00
   1.1327789e+00
   4.5167885e-02
   4.0380970e-04
  -3.5978909e-06
  -7.9492177e-08
  -5.3126094e-10
  -2.2213558e-12
  -7.4932867e-15
  -2.0892328e-17
  -5.0560094e-20
  -1.1001980e-22
  -2.2063790e-25
  -4.1506444e-28
  -7.4204275e-31
  -1.2731230e-33
  -2.6853625e-30
  -4.7092482e-09
   3.4164518e+00
   1.2975099e+01
   9.7266650e+00
   4.2298519e+00
   1.9197341e+00
   5.8135228e-01
   7.8737673e-02
   3.5209925e-03
  -4.0916061e-05
  -1.0202547e-05
  -5.0705895e-07
  -1.5908604e-08
  -3.8207966e-10
  -7.9879684e-12
  -1.5540139e-13
  -2.7766839e-15
  -4.6082513e-17
  -7.1972121e-19
