  -6.1047189e-19
  -5.8217863e-06
   1.6601047e+01
   1.3016314e+01
   8.2843012e+00
   1.1315344e+00
   4.4430684e-02
   4.0850117e-04
  -1.3595665e-07
  -1.4474095e-08
  -8.3596600e-11
  -3.0801359e-13
  -9.0847378e-16
  -2.2038690e-18
  -4.6203622e-21
  -8.6700290e-24
  -1.4925850e-26
  -2.3998503e-29
  -3.6518214e-32
  -5.3123117e-35
  -9.8342993e-31
  -1.6606028e-09
   3.4188165e+00
   1.2975803e+01
   9.7280338e+00
   4.2299461e+00
   1.9194558e+00
   5.8083166e-01
   7.7773505e-02
   3.3857355e-03
   2.8056863e-05
  -1.7348014e-06
  -7.8686216e-08
  -2.0530959e-09
  -4.1758656e-11
  -7.6623956e-13
  -1.2886407e-14
  -1.9757760e-16
  -2.8025319e-18
  -3.7274961e-20
