   3.3269863230334027E-024
   3.9773943511103319E-005
   16.548216685112045     
   13.020042769593218     
   8.2271907074830022     
   1.2274486973852254     
   6.1103937376449022E-002
   8.3643033079964092E-004
   3.1698623054281899E-006
   3.6056839286931570E-009
   2.1740783685758353E-012
   9.1614627958089949E-016
   2.8265319960460560E-019
   6.9666451441008875E-023
   1.4537638092378693E-026
   2.6723548077475390E-030
   4.4504882444347207E-034
   6.8532331171634738E-038
   9.9073160834350402E-042
   1.3601972191439377E-045
   9.1695258564359474E-040
   1.9316403195209566E-012
   3.4226980868851227     
   12.970777053970275     
   9.6171898432399736     
   4.1927230855699440     
   1.9753947887220622     
  0.66363677800951382     
  0.11089082146536440     
   6.8228101457083216E-003
   1.6595953860477393E-004
   2.0145560283152113E-006
   1.4639562443162791E-008
   7.8519144016294283E-011
   3.8112446752585347E-013
   1.5714274555822697E-015
   5.6253521944440054E-018
   1.7969153629286809E-020
   5.2324264497920437E-023
   1.4120064799424354E-025
