   4.0616150e-02
   2.7329445e-02
   1.6552542e+01
   1.3036130e+01
   8.2469740e+00
   1.2072660e+00
   4.2645526e-02
   8.2216242e-02
  -2.1251986e-02
   2.9471669e-02
  -3.1395613e-03
  -1.0109795e-01
  -4.9106576e-02
   3.0625565e-02
  -2.7443065e-03
  -5.5936600e-02
  -3.1318927e-02
   1.2475887e-02
  -4.9650950e-02
   4.8747511e-02
  -3.2035475e-02
   9.0443131e-02
   3.3659695e+00
   1.2985822e+01
   9.6521343e+00
   4.1938768e+00
   1.8898386e+00
   6.0087223e-01
   1.2457891e-01
   1.8402620e-02
  -1.8598307e-02
   4.0774863e-02
   3.9944352e-02
   6.0102641e-03
   2.8562381e-02
   2.0639801e-02
  -4.9348094e-02
   3.7978416e-02
  -3.2860065e-02
  -3.0195924e-02
