 4.06161500e-02
 2.73294450e-02
 1.65525420e+01
 1.30361300e+01
 8.24697400e+00
 1.20726600e+00
 4.26455260e-02
 8.22162420e-02
 -2.12519860e-02
 2.94716690e-02
 -3.13956130e-03
 -1.01097950e-01
 -4.91065760e-02
 3.06255650e-02
 -2.74430650e-03
 -5.59366000e-02
 -3.13189270e-02
 1.24758870e-02
 -4.96509500e-02
 4.87475110e-02
 -3.20354750e-02
 9.04431310e-02
 3.36596950e+00
 1.29858220e+01
 9.65213430e+00
 4.19387680e+00
 1.88983860e+00
 6.00872230e-01
 1.24578910e-01
 1.84026200e-02
 -1.85983070e-02
 4.07748630e-02
 3.99443520e-02
 6.01026410e-03
 2.85623810e-02
 2.06398010e-02
 -4.93480940e-02
 3.79784160e-02
 -3.28600650e-02
 -3.01959240e-02
