  -1.0199421e-18
  -2.9731208e-05
   1.0781468e+00
   6.7099553e-01
   9.8567954e-03
   7.4331754e-06
  -9.6864771e-07
  -9.6864814e-09
  -4.7568339e-11
  -1.7711986e-13
  -5.3910093e-16
  -1.3934438e-18
  -3.1882184e-21
  -6.6480631e-24
  -1.2897940e-26
  -2.3636132e-29
  -4.1375955e-32
  -6.9782833e-35
  -1.1414494e-37
  -1.8204261e-40
  -1.3805396e-30
  -6.6016976e-10
   7.5543623e-04
   6.4014097e-01
   9.5879883e-01
   2.4427757e-01
   2.1284626e-02
   4.8848627e-04
  -2.7688512e-05
  -2.4339518e-06
  -9.5946442e-08
  -2.6441473e-09
  -5.8827516e-11
  -1.1983648e-12
  -2.2467895e-14
  -3.8815461e-16
  -6.2653243e-18
  -9.5637099e-20
  -1.3938291e-21
  -1.9542462e-23
