  -3.5576814e-19
  -1.4202203e-07
   1.0831121e+00
   6.7265837e-01
   9.4785171e-03
   2.9467579e-05
  -1.6725162e-07
  -1.6345690e-09
  -6.9743635e-12
  -2.2933915e-14
  -6.0925541e-17
  -1.3682454e-19
  -2.7072805e-22
  -4.8590448e-25
  -8.0773953e-28
  -1.2628342e-30
  -1.8783544e-33
  -2.6816830e-36
  -3.7005933e-39
  -4.9654920e-42
  -5.0539997e-31
  -2.3211663e-10
   1.0865196e-03
   6.4495201e-01
   9.6124952e-01
   2.4417628e-01
   2.0605833e-02
   5.2480145e-04
  -1.9894790e-06
  -4.1395258e-07
  -1.3784420e-08
  -3.1703592e-10
  -6.0877749e-12
  -1.0818999e-13
  -1.7453709e-15
  -2.5824902e-17
  -3.5569485e-19
  -4.6168551e-21
  -5.7029719e-23
  -6.7567332e-25
