   3.5880347900662521E-026
   6.2062472794775928E-006
   1.0826302702139061     
  0.64710357488337666     
   7.7781363408371620E-003
   2.8145449340149974E-005
   2.5961660806314917E-008
   8.5156137667559792E-012
   1.7667179961966594E-015
   2.3846796281528358E-019
   2.3856374532446677E-023
   1.9276444325026651E-027
   1.3314976231206540E-031
   8.1712730248288093E-036
   4.5768975511952610E-040
   2.3854429131452328E-044
   1.1733819459195443E-048
   5.5055769500851009E-053
   2.4842618525017967E-057
   1.0848766396590736E-061
   6.8449259331960093E-043
   2.0124062700578523E-014
   8.8725621583290396E-004
  0.62804897087594425     
  0.95495838829970137     
  0.26125588573946901     
   2.4597865497920018E-002
   7.1409715245632666E-004
   7.9758253666278495E-006
   4.3644159410088611E-008
   1.4926638413063387E-010
   4.5153684659593732E-013
   1.1066609346782480E-015
   2.2510126554016820E-018
   3.9522976663217989E-021
   6.1753501880856191E-024
   8.7875958049687962E-027
   1.1591849890885973E-029
   1.4368870191954027E-032
   1.6915333591957395E-035
