   7.0965508e-02
   1.4597691e-02
   1.0947863e+00
   7.5275945e-01
  -3.0805820e-02
   3.4868848e-02
   4.1754451e-02
  -1.2185757e-02
   1.0783504e-02
  -5.8292197e-02
  -5.7397639e-02
   5.2437358e-03
   3.6112702e-02
   1.2927456e-01
  -3.3344534e-02
   9.3665512e-03
  -4.1247213e-03
  -9.6651146e-02
  -2.1948308e-02
  -8.9733942e-02
   4.2018776e-02
  -4.4401604e-02
   6.3563701e-03
   6.1964866e-01
   9.7739996e-01
   2.1417136e-01
   4.4872724e-02
   3.7527061e-02
   8.5600857e-02
  -9.7061370e-03
  -1.0691776e-01
  -4.1979437e-02
   6.7729716e-02
  -5.3607764e-02
   4.8047693e-02
   6.2024900e-03
   7.1834831e-02
  -9.8045000e-02
  -9.8849113e-03
  -6.0392274e-02
