  -6.1047135e-19
   1.4366573e-02
   1.5294784e+00
   6.1853002e-03
   4.9553225e-07
  -5.4221117e-09
  -3.5691209e-12
  -1.4032475e-15
  -3.8531715e-19
  -8.2634087e-23
  -1.4907190e-26
  -2.3716807e-30
  -3.4342667e-34
  -4.6265616e-38
  -5.8942594e-42
  -9.8342965e-31
  -1.2393333e-06
   7.6935543e-01
   1.0407153e+00
   1.0718071e-01
   1.4435888e-03
  -3.1059102e-06
  -9.3818154e-08
  -6.4384379e-10
  -3.0204320e-12
  -1.2105032e-14
  -4.0968360e-17
  -1.2121032e-19
  -3.2310647e-22
  -7.9346292e-25
