  -1.7498334e-18
   1.4163765e-02
   1.5262911e+00
   6.3483620e-03
  -6.1442496e-06
  -3.0886122e-08
  -2.4584492e-11
  -1.1521935e-14
  -3.8220136e-18
  -9.9853871e-22
  -2.2132698e-25
  -4.3616423e-29
  -7.8819372e-33
  -1.3340937e-36
  -2.1472431e-40
  -2.6853618e-30
  -3.5529492e-06
   7.6461812e-01
   1.0392477e+00
   1.0798762e-01
   1.4682648e-03
  -2.5160779e-05
  -5.9449934e-07
  -5.2311052e-09
  -2.9967505e-11
  -1.4572182e-13
  -6.0765167e-16
  -2.2306709e-18
  -7.4246519e-21
  -2.2896679e-23
