   3.2498401770038850E-031
   1.2371257754261841E-003
   1.5302910554086335     
   3.8539728333437063E-003
   4.2368178952215862E-007
   4.5106522451013407E-013
   5.9495073077030449E-019
   4.3893088550894168E-025
   1.9782411022355151E-031
   6.1865988600174433E-038
   1.4762752121349892E-044
   2.8741103229656826E-051
   4.7867496885778333E-058
   7.0567391091531986E-065
   9.4424841851975967E-072
   1.9783943710434964E-049
   4.4279986041294884E-010
  0.73202498000351790     
   1.0331529944023929     
  0.12676880464161269     
   1.4471416697863894E-003
   1.1547410561592348E-006
   3.0130631635765738E-011
   2.6257850427687638E-015
   1.7626970892171425E-019
   8.8800720254261445E-024
   3.5055157550966146E-028
   1.1339738108132601E-032
   3.1214305901047727E-037
   7.5348491513901205E-042
