   7.8496014e-02
   3.2279314e-03
   1.4818830e+00
  -5.6406352e-02
  -7.7311287e-02
   3.1189715e-02
   4.7043150e-02
   7.6844616e-02
   1.4969806e-02
   1.4930799e-02
   4.6569800e-02
  -4.3488438e-02
  -7.7426186e-02
  -2.2448810e-02
   1.4369339e-03
  -1.3001643e-02
   1.3979446e-02
   7.4447781e-01
   1.0564936e+00
   1.3412643e-01
   5.4331538e-02
   2.1433726e-02
  -4.0589482e-02
   3.8214263e-02
   1.3442998e-01
   4.6313396e-03
   7.8302611e-02
  -6.6839008e-02
  -4.7377860e-02
   3.1673796e-02
