   7.8976121072944852E-080
   3.2180243154834845E-057
   6.0011109211868481E-041
   8.4750491018593926E-028
   1.5397843276738280E-015
   1.6426844820237216E-004
   3.1778486553971659     
   9.9999903756636144     
   10.000000029928895     
   9.9999999999977192     
   10.000000049997718     
   9.9999999999977192     
   9.9999999599977194     
   9.9999999999977192     
   9.9999999799977193     
   9.9999999999977174     
   9.9999999999977174     
   9.9999999999977192     
   10.000000019196307     
   9.9999944019526055     
   9.1685457859352333     
   5.7705372235795842     
   4.0591893392593823     
   3.8358785646791214     
   2.8271308433676827     
   1.7804577671070565     
  0.93626210708889890     
  0.30549330784599876     
   2.7601775155518239E-002
   4.4147345956094974E-004
   1.9139663562676050E-006
   2.6176443494381386E-009
  -1.0748498368555050E-010
  -4.9643332664280951E-013
  -2.5236149641985008E-016
   2.4354875121453112E-021
  -2.3250692596660438E-025
  -5.2331849600876134E-030
  -1.6489067075475627E-034
  -9.1263883858164429E-039
  -3.6112820884251013E-043
   2.9204808202418196E-048
   7.5913650424160388E-052
  -1.0996073933942516E-056
  -8.7253170005443215E-061
   7.5917794491289418E-065
  -2.5682091968159866E-069
   6.2535829849531798E-074
   6.5265952203906782E-079
  -1.4408853448564096E-082
   0.0000000000000000     
   0.0000000000000000     
   0.0000000000000000     
   0.0000000000000000     
   0.0000000000000000     
   0.0000000000000000     
   0.0000000000000000     
   0.0000000000000000     
   0.0000000000000000     
   0.0000000000000000     
   0.0000000000000000     
   0.0000000000000000     
   0.0000000000000000     
   0.0000000000000000     
   0.0000000000000000     
   0.0000000000000000     
   0.0000000000000000     
   0.0000000000000000     
   0.0000000000000000     
   0.0000000000000000     
   0.0000000000000000     
   0.0000000000000000     
   0.0000000000000000     
   0.0000000000000000     
   0.0000000000000000     
   0.0000000000000000     
   0.0000000000000000     
   0.0000000000000000     
   0.0000000000000000     
   0.0000000000000000     
   0.0000000000000000     
   0.0000000000000000     
   0.0000000000000000     
   0.0000000000000000     
   0.0000000000000000     
   0.0000000000000000     
   0.0000000000000000     
   0.0000000000000000     
   0.0000000000000000     
   0.0000000000000000     
   0.0000000000000000     
   0.0000000000000000     
   0.0000000000000000     
   0.0000000000000000     
   0.0000000000000000     
   0.0000000000000000     
   0.0000000000000000     
   0.0000000000000000     
   0.0000000000000000     
   0.0000000000000000     
