  -3.5576792e-19
  -3.3372247e-06
   7.5352832e+00
   9.1037258e+00
   8.9962356e+00
   4.8470355e+00
   5.4183229e-01
   1.4341908e-02
   8.2175845e-05
  -2.3080469e-07
  -3.5895607e-09
  -1.7151738e-11
  -5.9338318e-14
  -1.6444983e-16
  -3.8083525e-19
  -7.7101815e-22
  -1.4084026e-24
  -2.3738362e-27
  -3.7525737e-30
  -5.6320122e-33
  -5.0539995e-31
  -3.2410919e-10
   1.7549229e-01
   8.8223483e+00
   8.9976920e+00
   6.5080601e+00
   3.2548336e+00
   1.4140152e+00
   3.5860338e-01
   3.5653566e-02
   1.1037941e-03
   5.1643165e-07
  -7.6944223e-07
  -2.7991529e-08
  -6.7075609e-10
  -1.3071537e-11
  -2.3504173e-13
  -3.8464048e-15
  -5.7607038e-17
  -8.0144732e-19
