  -1.0199414e-18
  -4.2554757e-05
   7.5311060e+00
   9.1068365e+00
   8.9960781e+00
   4.8463377e+00
   5.4283968e-01
   1.4739996e-02
   6.6883482e-05
  -1.5231411e-06
  -2.0494367e-08
  -1.1361178e-10
  -4.4490095e-13
  -1.4127283e-15
  -3.7645371e-18
  -8.8089986e-21
  -1.8684121e-23
  -3.6731546e-26
  -6.8019721e-29
  -1.2007505e-31
  -1.3805396e-30
  -9.1720626e-10
   1.8219480e-01
   8.8173002e+00
   8.9977015e+00
   6.5072046e+00
   3.2546804e+00
   1.4142593e+00
   3.5906810e-01
   3.6420559e-02
   1.0771851e-03
  -4.1399453e-05
  -4.4904093e-06
  -1.8989688e-07
  -5.4592491e-09
  -1.2423496e-10
  -2.5499132e-12
  -4.8425298e-14
  -8.4623448e-16
  -1.3789194e-17
