   9.0186040383406029E-023
   5.2368298361015585E-005
   7.5665050891956165     
   9.1332764042551755     
   8.9935244160121179     
   4.7577010068397474     
  0.56590700828562523     
   1.8541743331352663E-002
   1.7583241693964403E-004
   5.0084726726459613E-007
   5.1925798147010035E-010
   3.4894177524789921E-013
   1.6741225410909467E-016
   6.1826003192666177E-020
   1.8879428938335840E-023
   5.0003037712729594E-027
   1.1872163745596396E-030
   2.5871645801703122E-034
   5.2648725139548170E-038
   1.0135777409016199E-041
   3.7198797402247855E-038
   1.8446829434659730E-012
  0.19082236176437481     
   8.7688722283548923     
   8.9958965381372451     
   6.4621689132357787     
   3.2767837715002379     
   1.4745344105090064     
  0.41863667380623398     
   5.3915932858567245E-002
   2.6574532777039008E-003
   5.8837427290744887E-005
   7.2449242908898798E-007
   5.7938451696279569E-009
   3.6955813527925570E-011
   2.1278924734442766E-013
   1.0578778395607267E-015
   4.6474845106189706E-018
   1.8473946527009608E-020
   6.7678227686729817E-023
