  -2.0698614e-02
  -2.1892731e-02
   7.6351733e+00
   9.1502956e+00
   8.9746057e+00
   4.8796633e+00
   5.2373835e-01
   4.9548103e-02
   7.0881816e-02
  -8.0225648e-02
   5.1442654e-02
   7.2898389e-02
   2.3735662e-03
   8.7312836e-02
   7.7693757e-03
  -6.1855984e-02
  -1.0967471e-01
  -1.6670353e-02
   3.5677165e-02
   1.5870387e-02
   2.0680520e-02
  -2.8854279e-02
   1.8119562e-01
   8.7419715e+00
   8.9596335e+00
   6.4672215e+00
   3.2809134e+00
   1.4133442e+00
   3.0079691e-01
   3.4921869e-02
  -3.3347453e-02
  -3.3320025e-02
   4.3207571e-02
   5.6709722e-03
   1.9918142e-02
   4.4198495e-02
   9.0128847e-03
   2.7542726e-02
   3.4148214e-02
   5.8530433e-02
