  -1.6252436e-19
   2.2074009e-03
   6.2018927e+00
   5.0015164e+00
   1.9956967e+00
   3.3573057e-02
   2.8043731e-05
  -3.1861823e-08
  -2.9866605e-11
  -1.3251591e-14
  -4.0003530e-18
  -9.1512189e-22
  -1.7283660e-25
  -2.8441592e-29
  -4.2249435e-33
  -2.0479188e-31
  -8.7707024e-08
   1.4264513e+00
   4.9954547e+00
   3.6810425e+00
   1.5554641e+00
   2.4444548e-01
   6.1946643e-03
   7.2130315e-06
  -3.2544212e-07
  -2.7308360e-09
  -1.3732985e-11
  -5.7790116e-14
  -2.0468857e-16
  -6.2736383e-19
