  -4.6639971e-19
   1.9320954e-03
   6.1981555e+00
   5.0015124e+00
   1.9956843e+00
   3.4124215e-02
   1.5036963e-05
  -1.7442364e-07
  -1.9574109e-10
  -1.0306584e-13
  -3.7511826e-17
  -1.0429674e-20
  -2.4145747e-24
  -4.9107371e-28
  -9.0850781e-32
  -5.5918767e-31
  -2.5104810e-07
   1.4218339e+00
   4.9955088e+00
   3.6803907e+00
   1.5554235e+00
   2.4484397e-01
   6.4960687e-03
  -3.7807950e-05
  -1.9434517e-06
  -2.0720320e-08
  -1.2979529e-10
  -6.5690070e-13
  -2.8597064e-15
  -1.0853737e-17
