   7.1461622454543408E-022
   6.5524237792454511E-003
   6.0618512778160323     
   5.0036447343239594     
   1.9780454500701363     
   4.6484900239081209E-002
   1.0925807925237936E-004
   3.5496453016632582E-008
   3.3471493500944330E-012
   1.8441478877401162E-016
   6.7216988035303567E-021
   1.8635586734243574E-025
   4.2738075003437969E-030
   8.5483604731096786E-035
   1.5444781390318598E-039
   1.7609794396242184E-036
   2.3638623938419553E-008
   1.4372541213449859     
   4.9882788922360222     
   3.6825116933039843     
   1.5835342349271353     
  0.28861595386731242     
   1.1950631529110124E-002
   1.1021939669969402E-004
   3.6471034461676177E-007
   6.2403598363868017E-010
   8.2923494682686885E-013
   8.7764890446973063E-016
   7.6292236332342172E-019
   5.7146238613928915E-022
