  -7.3289651e-03
   2.0576919e-02
   6.2172062e+00
   5.0397499e+00
   1.9934162e+00
  -3.7961454e-03
  -7.1823976e-02
   7.4582932e-02
   5.8419925e-02
  -7.2805491e-02
   1.3352330e-02
  -1.4628918e-02
  -8.6809376e-03
   4.1372969e-02
   6.4359144e-03
  -3.2317703e-02
  -5.4400685e-02
   1.4056548e+00
   4.9954577e+00
   3.6433494e+00
   1.5505606e+00
   1.5580747e-01
  -2.0685632e-02
  -1.2815173e-02
  -2.0551671e-02
   1.9099017e-02
  -3.5557952e-02
  -5.0137688e-02
   3.2415038e-03
   1.9412542e-04
