  -4.6639971e-19
  -1.4675658e-05
   1.1816461e+00
   5.6232659e+00
   5.0029234e+00
   3.7258948e+00
   5.2360521e-01
   1.3819273e-02
   5.6099266e-05
  -1.3216532e-06
  -1.6738533e-08
  -9.0008626e-11
  -3.4828411e-13
  -1.0946080e-15
  -2.8956317e-18
  -6.7400797e-21
  -1.4239650e-23
  -2.7909695e-26
  -5.1561551e-29
  -9.0850781e-32
  -5.5918767e-31
  -1.7464613e-10
  -3.0993268e-04
   3.4233361e+00
   4.9927791e+00
   4.4642550e+00
   2.7268661e+00
   1.2664536e+00
   3.1980490e-01
   3.1281757e-02
   8.8808024e-04
  -3.4924596e-05
  -3.6679909e-06
  -1.5293187e-07
  -4.3543201e-09
  -9.8566323e-11
  -2.0218517e-12
  -3.8293844e-14
  -6.6748477e-16
  -1.0853737e-17
