 -1.62524360e-19
 -1.25125540e-06
 1.17753510e+00
 5.62655570e+00
 5.00286550e+00
 3.72684720e+00
 5.23017190e-01
 1.34570160e-02
 7.11276800e-05
 -2.02628310e-07
 -2.90434770e-09
 -1.34828520e-11
 -4.60863440e-14
 -1.26413030e-16
 -2.90612710e-19
 -5.85210110e-22
 -1.06466120e-24
 -1.78882230e-27
 -2.82072790e-30
 -4.22494350e-33
 -2.04791880e-31
 -6.31162740e-11
 4.44999610e-04
 3.41817270e+00
 4.99287280e+00
 4.46470180e+00
 2.72738680e+00
 1.26639740e+00
 3.19457420e-01
 3.06349840e-02
 9.15401520e-04
 1.59283700e-07
 -6.26332310e-07
 -2.24245040e-08
 -5.32039330e-10
 -1.03345890e-11
 -1.85470980e-13
 -3.02561750e-15
 -4.51928710e-17
 -6.27363830e-19
