  -1.6252436e-19
  -1.2512554e-06
   1.1775351e+00
   5.6265557e+00
   5.0028655e+00
   3.7268472e+00
   5.2301719e-01
   1.3457016e-02
   7.1127680e-05
  -2.0262831e-07
  -2.9043477e-09
  -1.3482852e-11
  -4.6086344e-14
  -1.2641303e-16
  -2.9061271e-19
  -5.8521011e-22
  -1.0646612e-24
  -1.7888223e-27
  -2.8207279e-30
  -4.2249435e-33
  -2.0479188e-31
  -6.3116274e-11
   4.4499961e-04
   3.4181727e+00
   4.9928728e+00
   4.4647018e+00
   2.7273868e+00
   1.2663974e+00
   3.1945742e-01
   3.0634984e-02
   9.1540152e-04
   1.5928370e-07
  -6.2633231e-07
  -2.2424504e-08
  -5.3203933e-10
  -1.0334589e-11
  -1.8547098e-13
  -3.0256175e-15
  -4.5192871e-17
  -6.2736383e-19
