   9.7635873148454654E-024
   1.1255336094939533E-005
   1.1170834727932237     
   5.5902355556669683     
   5.0042602511508587     
   3.8106512115519320     
  0.61629946742074626     
   2.1153106557650566E-002
   1.8143966938640534E-004
   4.2094320943759549E-007
   3.5221659946928428E-010
   1.9876618526078077E-013
   8.0049941708971379E-017
   2.4806237999383149E-020
   6.3468097782008913E-024
   1.4061026543150825E-027
   2.7882337941507550E-031
   5.0676718560631555E-035
   8.5910576543510899E-039
   1.3764258338187932E-042
   1.4859629693436168E-037
   1.4108257367295763E-012
   2.3211032335231857E-003
   3.4769579217668536     
   4.9895399382785106     
   4.4918760282398829     
   2.7161182946781270     
   1.2080884893751249     
  0.28171532715157133     
   2.4594359029978568E-002
   7.5827026545277284E-004
   1.0450938393350550E-005
   8.0275420647471175E-008
   4.1225223757331125E-010
   1.8618233331342887E-012
   7.1828015854928870E-015
   2.3798466472013425E-017
   6.9783623437006433E-020
   1.8544878011793645E-022
   4.5482850821745178E-025
