  -6.4162805e-02
  -1.1644074e-01
   1.2209820e+00
   5.5361277e+00
   5.0062212e+00
   3.7288063e+00
   6.3434927e-01
   9.9140773e-03
  -2.5288126e-02
   1.1790595e-02
   1.2290243e-02
   3.5022605e-03
  -3.0429026e-02
  -6.1129669e-02
   1.5825018e-02
  -6.7143462e-02
  -5.1609217e-02
   6.6560794e-02
  -2.0945160e-02
  -7.0160861e-03
   4.4991116e-02
  -1.5005550e-02
   5.2441571e-02
   3.3981233e+00
   5.0434342e+00
   4.4961712e+00
   2.7168860e+00
   1.2231722e+00
   2.6728628e-01
   1.6917140e-02
  -2.0956481e-02
  -2.0421567e-02
   4.9177342e-02
  -1.4884857e-02
   5.7183946e-02
  -2.6581006e-02
   4.8628286e-02
  -2.6112524e-02
   8.8288897e-03
   4.8536891e-02
