 -6.41628050e-02
 -1.16440740e-01
 1.22098200e+00
 5.53612770e+00
 5.00622120e+00
 3.72880630e+00
 6.34349270e-01
 9.91407730e-03
 -2.52881260e-02
 1.17905950e-02
 1.22902430e-02
 3.50226050e-03
 -3.04290260e-02
 -6.11296690e-02
 1.58250180e-02
 -6.71434620e-02
 -5.16092170e-02
 6.65607940e-02
 -2.09451600e-02
 -7.01608610e-03
 4.49911160e-02
 -1.50055500e-02
 5.24415710e-02
 3.39812330e+00
 5.04343420e+00
 4.49617120e+00
 2.71688600e+00
 1.22317220e+00
 2.67286280e-01
 1.69171400e-02
 -2.09564810e-02
 -2.04215670e-02
 4.91773420e-02
 -1.48848570e-02
 5.71839460e-02
 -2.65810060e-02
 4.86282860e-02
 -2.61125240e-02
 8.82888970e-03
 4.85368910e-02
