  -2.5057446e-20
  -1.5617884e-07
   7.2280462e-02
   9.4040503e-01
   1.0336102e+00
   9.8096712e-01
   3.3116601e-01
   9.9334104e-03
   4.1036576e-05
  -1.1354638e-07
  -1.2845547e-09
  -5.5019910e-12
  -1.8174327e-14
  -4.8443796e-17
  -1.0917605e-19
  -2.1672869e-22
  -3.9011441e-25
  -6.5013648e-28
  -1.0186387e-30
  -1.5179576e-33
  -2.7563735e-32
  -4.5075292e-12
  -1.9668791e-06
   3.5822456e-02
   6.5255100e-01
   9.8267765e-01
   9.2054290e-01
   6.1122716e-01
   1.6476426e-01
   1.4297895e-02
   3.8669034e-04
  -1.8355801e-07
  -2.4995518e-07
  -8.6039290e-09
  -1.9932154e-10
  -3.8808732e-12
  -6.9522543e-14
  -1.1268390e-15
  -1.6737615e-17
  -2.3130145e-19
