  -7.2026383e-20
  -1.8780055e-06
   7.2941938e-02
   9.4022452e-01
   1.0335594e+00
   9.8074890e-01
   3.3112916e-01
   1.0168412e-02
   3.0355791e-05
  -7.2471866e-07
  -7.6164221e-09
  -3.7454808e-11
  -1.4016811e-13
  -4.2775512e-16
  -1.1086891e-18
  -2.5433697e-21
  -5.3159608e-24
  -1.0334799e-26
  -1.8972720e-29
  -3.3263105e-32
  -7.5259007e-32
  -1.2966474e-11
  -1.4945426e-05
   3.6635244e-02
   6.5300665e-01
   9.8202356e-01
   9.2036382e-01
   6.1118559e-01
   1.6477298e-01
   1.4588994e-02
   3.7046064e-04
  -1.5181086e-05
  -1.4760107e-06
  -5.9397393e-08
  -1.6507155e-09
  -3.7129777e-11
  -7.6473930e-13
  -1.4408268e-14
  -2.4979529e-16
  -4.0437991e-18
