 -2.50574460e-20
 -1.56178840e-07
 7.22804620e-02
 9.40405030e-01
 1.03361020e+00
 9.80967120e-01
 3.31166010e-01
 9.93341040e-03
 4.10365760e-05
 -1.13546380e-07
 -1.28455470e-09
 -5.50199100e-12
 -1.81743270e-14
 -4.84437960e-17
 -1.09176050e-19
 -2.16728690e-22
 -3.90114410e-25
 -6.50136480e-28
 -1.01863870e-30
 -1.51795760e-33
 -2.75637350e-32
 -4.50752920e-12
 -1.96687910e-06
 3.58224560e-02
 6.52551000e-01
 9.82677650e-01
 9.20542900e-01
 6.11227160e-01
 1.64764260e-01
 1.42978950e-02
 3.86690340e-04
 -1.83558010e-07
 -2.49955180e-07
 -8.60392900e-09
 -1.99321540e-10
 -3.88087320e-12
 -6.95225430e-14
 -1.12683900e-15
 -1.67376150e-17
 -2.31301450e-19
