   7.6695534760493110E-033
   1.2194022707610233E-008
   3.3885561676188683E-002
  0.97738566697097418     
   1.0352497950827506     
  0.99336943098614539     
  0.32977276676503425     
   3.0394874245316247E-003
   1.3716553207018300E-007
   8.6492746824810976E-013
   1.6432231525789737E-017
   1.4427381980591703E-022
   7.3301009215365772E-028
   2.5023258184034128E-033
   6.3464318991118182E-039
   1.2820982415858999E-044
   2.1681544913946192E-050
   3.1827691533981560E-056
   4.1672513901863145E-062
   4.9682040601479597E-068
   1.2639023839161003E-051
   1.2630041515278021E-019
   1.3354247684911371E-007
   1.2778404745426837E-002
  0.64986837457598767     
  0.99446647854184422     
  0.92820628695749330     
  0.65277860850905589     
  0.14849475025948880     
   5.8507242465959241E-003
   2.2029853082567236E-005
   9.8485585096219962E-010
   4.3840513775921703E-013
   2.0854009446225469E-016
   6.8497197221982451E-020
   1.6683036327238774E-023
   3.1953634961629746E-027
   5.0385647040873524E-031
   6.7772857088740981E-035
   7.9943612272534938E-039
