   8.8473411e-03
  -1.5374274e-02
   6.5500961e-02
   9.7018442e-01
   1.0859692e+00
   9.7107695e-01
   3.4759665e-01
  -2.0449747e-03
   1.1525758e-02
   2.1999948e-02
  -3.0843296e-02
   1.3741839e-02
   3.0055102e-02
   4.6153976e-03
   8.6492070e-02
  -3.0427872e-02
  -3.6852989e-02
  -8.7493965e-02
   4.5524129e-02
   4.3354128e-02
  -3.9946420e-03
   4.4923799e-02
   9.1915078e-03
   5.0121885e-02
   6.5791209e-01
   1.0048828e+00
   9.2562454e-01
   7.5061197e-01
   1.0646994e-01
  -7.8513378e-02
  -5.6629934e-02
  -5.4662304e-02
  -2.1680434e-02
  -8.4234938e-03
  -1.0926678e-02
   2.7066722e-02
   1.9463310e-02
   3.7561449e-02
   8.8912795e-02
   6.1153128e-02
