 8.84734110e-03
 -1.53742740e-02
 6.55009610e-02
 9.70184420e-01
 1.08596920e+00
 9.71076950e-01
 3.47596650e-01
 -2.04497470e-03
 1.15257580e-02
 2.19999480e-02
 -3.08432960e-02
 1.37418390e-02
 3.00551020e-02
 4.61539760e-03
 8.64920700e-02
 -3.04278720e-02
 -3.68529890e-02
 -8.74939650e-02
 4.55241290e-02
 4.33541280e-02
 -3.99464200e-03
 4.49237990e-02
 9.19150780e-03
 5.01218850e-02
 6.57912090e-01
 1.00488280e+00
 9.25624540e-01
 7.50611970e-01
 1.06469940e-01
 -7.85133780e-02
 -5.66299340e-02
 -5.46623040e-02
 -2.16804340e-02
 -8.42349380e-03
 -1.09266780e-02
 2.70667220e-02
 1.94633100e-02
 3.75614490e-02
 8.89127950e-02
 6.11531280e-02
