  -1.6252436e-19
  -1.2512554e-06
   1.1775351e+00
   5.6265557e+00
   4.5643159e+00
   1.0345633e+00
   4.0641184e-02
   3.3468413e-04
  -1.6761609e-07
  -1.0533854e-08
  -5.7445940e-11
  -2.0739022e-13
  -6.0105680e-16
  -1.4399152e-18
  -2.9913005e-21
  -5.5746972e-24
  -9.5462974e-27
  -1.5284810e-29
  -2.3180467e-32
  -3.3628101e-35
  -2.0479188e-31
  -6.3116274e-11
   4.4499961e-04
   3.4181727e+00
   4.8102917e+00
   3.1427907e+00
   1.6213428e+00
   4.9487604e-01
   6.3046911e-02
   2.5907162e-03
   1.9822943e-05
  -1.2852352e-06
  -5.6502371e-08
  -1.4482777e-09
  -2.9179109e-11
  -5.3445058e-13
  -8.9416982e-15
  -1.3646617e-16
  -1.9284208e-18
  -2.5569868e-20
