  -4.6639971e-19
  -1.4675658e-05
   1.1816461e+00
   5.6232661e+00
   4.5628702e+00
   1.0349282e+00
   4.1263400e-02
   3.2624199e-04
  -3.0013684e-06
  -5.8645733e-08
  -3.7023899e-10
  -1.5142579e-12
  -5.0207556e-15
  -1.3825045e-17
  -3.3158259e-20
  -7.1674487e-23
  -1.4301200e-25
  -2.6797512e-28
  -4.7758429e-31
  -8.1733277e-34
  -5.5918767e-31
  -1.7464613e-10
  -3.0993268e-04
   3.4233362e+00
   4.8096007e+00
   3.1420758e+00
   1.6212824e+00
   4.9518876e-01
   6.3840223e-02
   2.6866066e-03
  -3.3904909e-05
  -7.5808429e-06
  -3.6708938e-07
  -1.1324601e-08
  -2.6890970e-10
  -5.6135717e-12
  -1.0877518e-13
  -1.9352064e-15
  -3.2002082e-17
  -4.9834814e-19
