   3.1094135112223492E-022
   2.7451167922675255E-005
   1.2551457722577408     
   5.5748780879001441     
   4.5507985106322089     
   1.1606139345044648     
   6.6724072666516032E-002
   1.0552410108452671E-003
   5.0856922160403035E-006
   8.9265540895846972E-009
   9.0204918942292532E-012
   6.9389700208705672E-015
   4.1219945851494062E-018
   2.0254795289817241E-021
   8.6380474467324215E-025
   3.3051441456553601E-028
   1.1617784516054807E-031
   3.8170593488503017E-035
   1.1874961466465041E-038
   3.5328614519101412E-042
   1.9305935130292872E-035
   9.4855157603039568E-012
   4.0371578862484440E-003
   3.4688905557589038     
   4.7943815657446720     
   3.1412663622697448     
   1.5593194913533264     
  0.45810054332678540     
   5.8835845597116035E-002
   2.8930272014643888E-003
   6.4923794216772469E-005
   8.2556459914663072E-007
   6.9388794255669183E-009
   4.6463929189530227E-011
   2.8083845486568160E-013
   1.4758924839578648E-015
   6.8940665133152005E-018
   2.9283094067311240E-020
   1.1512549412976735E-022
   4.2469853453742462E-025
