  -2.3385729e-02
  -6.2375140e-03
   1.2498333e+00
   5.5848687e+00
   4.6038150e+00
   1.0500190e+00
   2.8802604e-02
  -5.2505727e-02
  -1.4206348e-02
  -4.3345137e-03
  -7.3469754e-02
   9.6091122e-03
  -4.1114664e-02
  -4.7120294e-03
   1.6810667e-02
  -4.5232703e-02
  -1.4412818e-02
   1.7503138e-02
  -9.1792957e-02
   5.1798795e-02
   1.2122306e-01
   4.7970025e-02
  -1.4815314e-02
   3.4368077e+00
   4.7584736e+00
   3.2368627e+00
   1.6684576e+00
   5.3424236e-01
   1.8998820e-02
   1.8587278e-02
  -2.7873980e-02
  -1.5571157e-02
  -2.8500494e-02
  -5.1286681e-02
  -4.5437279e-02
  -1.0494867e-02
  -8.4943204e-02
   3.0380029e-02
  -5.8899145e-03
   3.4958017e-02
