  -2.5057446e-20
   2.3363419e-04
   7.1683677e-01
   1.0288294e+00
   1.0002481e+00
   9.9900271e-01
   3.0746371e-01
   1.4769884e-03
  -1.4771655e-07
  -7.4991781e-10
  -4.0820466e-13
  -1.4505808e-16
  -3.7172869e-20
  -7.6108558e-24
  -1.3288899e-27
  -2.7563735e-32
  -4.4333646e-09
   6.3829186e-03
   7.0397594e-01
   9.9749575e-01
   9.9990267e-01
   9.1612308e-01
   4.1604190e-01
   2.9764424e-02
   2.4671194e-04
  -9.7414082e-07
  -1.6570588e-08
  -1.0095375e-10
  -4.6318792e-13
  -1.7906857e-15
