  -7.2026383e-20
   2.0407170e-04
   7.1700554e-01
   1.0287806e+00
   1.0002587e+00
   9.9901073e-01
   3.0743039e-01
   1.5262575e-03
  -1.7539289e-06
  -4.5138557e-09
  -2.9346783e-12
  -1.2491707e-15
  -3.8700395e-19
  -9.6643040e-23
  -2.0760949e-26
  -7.5259007e-32
  -1.2792054e-08
   6.4495496e-03
   7.0458610e-01
   9.9739198e-01
   9.9991634e-01
   9.1585912e-01
   4.1604337e-01
   3.0172823e-02
   2.2048154e-04
  -6.3114492e-06
  -1.1051145e-07
  -8.6086058e-10
  -4.7608746e-12
  -2.2511292e-14
