   2.8651649593796092E-031
   5.0069911021970086E-005
  0.77329753918395672     
   1.0234255273818658     
   1.0000307157584862     
  0.99975726691183975     
  0.26340237380235426     
   1.3586675798588733E-004
   1.6763688432170546E-011
   7.6442905890933492E-018
   1.0543833785091191E-024
   6.5225105746875114E-032
   2.3510672704350249E-039
   5.8084370352933661E-047
   1.0916279739660375E-054
   1.0012907517778256E-049
   2.7226181231701722E-013
   2.2854652416161051E-003
  0.74570275295437849     
  0.99966742281008603     
  0.99997761516984673     
  0.92493163048166371     
  0.40469981984782805     
   1.2797150147580401E-002
   1.0423814572428655E-005
   3.7300145445417763E-011
   1.4997335673621944E-015
   3.3526826788030715E-020
   4.6278685326486430E-025
   4.4284929847693918E-030
