   4.3988574e-02
  -3.0538858e-02
   7.7618719e-01
   1.0125529e+00
   1.0564840e+00
   1.0058090e+00
   3.0837054e-01
  -1.6033034e-02
   7.5668794e-02
   3.7137167e-02
   1.3891858e-02
   4.4741500e-02
   3.0565972e-02
  -2.1380722e-02
  -6.3354467e-02
   7.0090348e-02
  -9.2339311e-02
  -4.3420721e-04
   7.3121125e-01
   1.0445825e+00
   1.0393993e+00
   9.3939059e-01
   4.4782890e-01
  -1.3293480e-02
  -6.2862099e-02
   1.8337146e-02
  -8.1133802e-03
   7.5597707e-02
   3.6959842e-02
  -3.3244670e-02
