  -1.0199421e-18
   5.4782843e-03
   1.3753524e+00
   6.8572371e-03
  -6.3039099e-06
  -2.8094305e-08
  -2.1634054e-11
  -1.0004817e-14
  -3.2910926e-18
  -8.5530543e-22
  -1.8890823e-25
  -3.7134883e-29
  -6.6984360e-33
  -1.1322248e-36
  -1.8204261e-40
  -1.3805396e-30
  -8.3305834e-07
   2.6880676e-01
   9.0149058e-01
   9.8215899e-02
   1.3246411e-03
  -2.1665900e-05
  -5.1231476e-07
  -4.4876724e-09
  -2.5680693e-11
  -1.2485101e-13
  -5.1993561e-16
  -1.9066476e-18
  -6.3409959e-21
  -1.9542462e-23
