  -3.5576814e-19
   5.6932285e-03
   1.3786392e+00
   6.6108121e-03
   3.3681270e-07
  -4.8899596e-09
  -3.1209881e-12
  -1.2109721e-15
  -3.2980698e-19
  -7.0359119e-23
  -1.2647279e-26
  -2.0069614e-30
  -2.9005871e-34
  -3.9019044e-38
  -4.9654920e-42
  -5.0539997e-31
  -2.9071158e-07
   2.6626590e-01
   9.0376930e-01
   9.7539022e-02
   1.2927852e-03
  -2.6415106e-06
  -8.0810556e-08
  -5.5144238e-10
  -2.5863067e-12
  -1.0351654e-14
  -3.4981999e-17
  -1.0337999e-19
  -2.7533261e-22
  -6.7567332e-25
