   2.0782222854812358E-023
   7.5918543024521019E-003
   1.3913668036758486     
   9.5006703109525685E-003
   5.7041769282768965E-006
   4.7340117968408186E-010
   1.6101867887454812E-014
   3.0330854068324712E-019
   3.8289816415311087E-024
   3.6943192508122536E-029
   2.9504773989394591E-034
   2.0531148229862814E-039
   1.2883759292650023E-044
   7.4676650835263497E-050
   4.0672613045568222E-055
   2.3980051643735131E-038
   3.0210933435197402E-008
  0.27412232557736854     
  0.90190197565848940     
  0.10656971008949796     
   1.8185012748124754E-003
   6.5235076430710637E-006
   8.3993256173379249E-009
   6.5690394088481338E-012
   4.0170469237390767E-015
   1.8814766180723695E-018
   7.2171850458588084E-022
   2.3802989688539811E-025
   6.9855534812343081E-029
   1.8700370863369205E-032
