   1.2502080e-02
   1.2441752e-02
   1.3944976e+00
   1.9164750e-02
   1.7986577e-02
  -5.4784240e-02
  -4.2844700e-02
  -4.0469779e-02
   2.6692955e-02
  -3.2455173e-02
  -3.2917013e-02
   3.9130003e-03
  -5.5741311e-02
  -2.0614827e-03
   6.1204883e-02
  -3.7631629e-02
   4.4769567e-02
   3.1309000e-01
   9.1485226e-01
   1.4300579e-01
  -1.8965963e-02
  -4.3045596e-02
   4.8294579e-03
  -2.4662770e-02
   6.5400431e-02
  -2.5948601e-02
  -2.3983165e-02
   4.4250030e-02
  -4.6975973e-02
   2.5248431e-02
