  -1.0199414e-18
   8.1626884e-03
   9.5751567e+00
   8.9999853e+00
   9.0000000e+00
   7.2621061e+00
   4.9526151e-01
   2.4356755e-03
  -3.2976591e-06
  -1.2355982e-08
  -9.0807565e-12
  -4.0999570e-15
  -1.3192450e-18
  -3.3752180e-22
  -7.3706396e-26
  -1.3805396e-30
  -3.0957238e-06
   7.9999305e+00
   9.0000250e+00
   9.0000001e+00
   7.9699485e+00
   3.1846817e+00
   9.0289387e-01
   7.2232558e-02
   6.5758536e-04
  -1.8410698e-05
  -3.5066923e-07
  -2.8605136e-09
  -1.5861138e-11
  -7.5587022e-14
