  -3.5576792e-19
   9.1126587e-03
   9.5736873e+00
   9.0000191e+00
   9.0000000e+00
   7.2639847e+00
   4.9424028e-01
   2.3570019e-03
  -1.6430107e-07
  -2.1312017e-09
  -1.2981087e-12
  -4.8943196e-16
  -1.3017331e-19
  -2.7301991e-23
  -4.8467091e-27
  -5.0539995e-31
  -1.0894444e-06
   7.9977480e+00
   8.9999673e+00
   9.0000000e+00
   7.9711375e+00
   3.1848038e+00
   9.0248477e-01
   7.1324419e-02
   7.1377815e-04
  -2.8157911e-06
  -5.3475070e-08
  -3.4113359e-10
  -1.5600108e-12
  -6.1061646e-15
