   5.0626144031658517E-024
   1.2474773765592646E-002
   9.5554773625402749     
   9.0000325611256766     
   9.0000000361062700     
   7.2847852973510347     
  0.48624811331287637     
   2.1827137577727597E-003
   6.7887923794195203E-007
   2.3963401823574789E-011
   3.6460505917830298E-016
   2.9572019003407111E-021
   1.6029481220541585E-026
   6.6298556786692047E-032
   2.2681380186969092E-037
   3.6222981720151645E-039
   7.1566606439651626E-008
   8.0123219882573817     
   8.9999437864285454     
   9.0000000358171199     
   7.9939786304040155     
   3.1824941069632016     
  0.85756308756973343     
   5.9201801037975350E-002
   5.3353295939580659E-004
   9.7412575395917762E-007
   6.3578383040838305E-010
   2.9170816019716489E-013
   9.6917754007952872E-017
   2.4476149319869826E-020
