  -1.5190009e-02
  -3.2316694e-02
   9.5945566e+00
   8.9876540e+00
   9.0167302e+00
   7.2843826e+00
   3.8222757e-01
   1.0526046e-01
  -8.8747113e-02
  -5.4674832e-02
  -5.8986961e-02
  -3.4004336e-02
  -8.3152254e-02
   1.2524249e-02
  -1.4430163e-02
  -8.7797396e-02
   2.4109106e-02
   8.0146084e+00
   8.9864227e+00
   8.9612375e+00
   8.0181849e+00
   3.0733568e+00
   8.8687559e-01
   1.0265686e-01
   3.5308224e-03
   9.4925299e-02
   2.1990621e-02
  -2.6799587e-02
   7.0111765e-02
   4.2249866e-02
