  -2.5057446e-20
  -1.5617884e-07
   7.2280325e-02
   8.3246176e-01
   1.5556553e-01
   2.1484348e-03
   3.7098015e-06
  -3.4485098e-08
  -2.3481810e-10
  -8.9752539e-13
  -2.7556137e-15
  -6.9163217e-18
  -1.4899290e-20
  -2.8572916e-23
  -5.0061551e-26
  -8.1654663e-29
  -1.2573227e-31
  -1.8471384e-34
  -2.6103633e-37
  -3.5719440e-40
  -2.7563735e-32
  -4.5075292e-12
  -1.9657542e-06
   3.4532511e-02
   5.0924779e-01
   4.2434332e-01
   8.4353696e-02
   5.0955346e-03
   8.8857878e-05
  -1.1486779e-06
  -8.9734127e-08
  -2.6147400e-09
  -5.6227719e-11
  -1.0681070e-12
  -1.8529723e-14
  -2.9158601e-16
  -4.2261212e-18
  -5.7228551e-20
  -7.3247154e-22
  -8.9425848e-24
