  -7.2026383e-20
  -1.8780055e-06
   7.2944288e-02
   8.3228889e-01
   1.5563796e-01
   2.2192467e-03
  -2.7734553e-06
  -1.9455881e-07
  -1.4622827e-09
  -6.3495013e-12
  -2.2203841e-14
  -6.3887137e-17
  -1.5851031e-19
  -3.5181268e-22
  -7.1680421e-25
  -1.3658407e-27
  -2.4675021e-30
  -4.2701609e-33
  -7.1348406e-36
  -1.1581186e-38
  -7.5259007e-32
  -1.2966474e-11
  -1.4942230e-05
   3.5330340e-02
   5.0898192e-01
   4.2371225e-01
   8.4528162e-02
   5.3489942e-03
   5.7928179e-05
  -8.4693025e-06
  -5.4826374e-07
  -1.9162181e-08
  -4.9038302e-10
  -1.0654745e-11
  -2.1367332e-13
  -3.9145256e-15
  -6.6301601e-17
  -1.0529932e-18
  -1.5860897e-20
  -2.2862239e-22
