   2.8665851822366409E-041
   8.9665395752967131E-012
   5.2927861476645644E-003
  0.94707252230328964     
  0.16954495636827854     
   5.0822293113683826E-008
  -1.8896786056831204E-013
  -2.9893901874248203E-018
  -5.4391513124665064E-024
  -2.4856826806613748E-030
  -4.3799063659926952E-037
  -3.8772642753775365E-044
  -2.0526289113490603E-051
  -7.3266709507721211E-059
  -1.9204201604903520E-066
  -3.9347059000604370E-074
  -6.6034073768877678E-082
  -9.4074330407989545E-090
  -1.1696749179651282E-097
  -1.2973007464417833E-105
   1.1444790592450389E-060
   3.3585718395000801E-024
   2.5037289915695436E-009
   5.1145778554426216E-003
  0.54757537738441753     
  0.46668263637319252     
   5.1326172888862459E-002
   3.6888040098644359E-007
  -3.4357701295733831E-012
  -1.6538559273803057E-015
  -2.4698491426998137E-019
  -1.4992405622261625E-023
  -4.5664463393612896E-028
  -8.1325286318794527E-033
  -9.4743164619705841E-038
  -7.8504678568894017E-043
  -4.9297793035788111E-048
  -2.4635448963000541E-053
  -1.0178059374911146E-058
  -3.5830578686711233E-064
