  -1.4687680e-02
  -4.2395413e-02
   1.6083867e-02
   9.5882350e-01
   2.3834739e-01
   1.7515267e-02
  -6.2849929e-02
  -4.3273397e-02
  -8.8267057e-03
   3.9570803e-02
  -6.6600221e-02
  -1.1649336e-01
  -7.2454865e-02
   1.6675542e-02
   1.9567680e-02
   2.2583971e-02
  -6.5142327e-03
   9.1844548e-03
  -2.3807651e-02
   4.3101081e-02
  -6.8084724e-02
   2.2751478e-02
  -4.2429132e-02
   1.7537669e-02
   5.3685084e-01
   4.7654184e-01
   2.8419913e-02
   6.8050051e-02
   3.3112506e-02
  -3.3922645e-03
  -9.7610544e-03
  -1.0880317e-02
  -1.5155381e-02
   1.1522812e-03
   2.5645178e-03
   4.1303140e-02
   7.6348834e-02
   2.3345722e-02
  -1.0485667e-02
   3.1259518e-02
