  -2.5057448e-20
  -1.1248925e-07
   4.7835661e-02
   1.4424620e-01
   5.0575221e-03
   1.4332745e-05
  -5.4407373e-08
  -4.5589881e-10
  -1.8256103e-12
  -5.8090826e-15
  -1.5011306e-17
  -3.3071961e-20
  -6.4544132e-23
  -1.1466643e-25
  -1.8913127e-28
  -2.9388853e-31
  -4.3500579e-34
  -6.1859681e-37
  -8.5087324e-40
  -1.1387080e-42
  -2.7563735e-32
  -4.5254213e-12
  -4.3366880e-07
   1.3697480e-02
   1.2922041e-01
   6.2093228e-02
   5.4951562e-03
   1.3918995e-04
  -1.9550259e-07
  -8.9020057e-08
  -2.9634390e-09
  -6.7686856e-11
  -1.3339288e-12
  -2.3847540e-14
  -3.8451126e-16
  -5.6840250e-18
  -7.8226427e-20
  -1.0147417e-21
  -1.2528686e-23
  -1.4838290e-25
