  -7.2026388e-20
  -1.7308036e-06
   4.8094752e-02
   1.4414261e-01
   5.2196184e-03
   8.3306709e-06
  -3.2114822e-07
  -2.7759900e-09
  -1.2659646e-11
  -4.5761803e-14
  -1.3538975e-16
  -3.4312703e-19
  -7.7416430e-22
  -1.5977546e-24
  -3.0757842e-27
  -5.6027008e-30
  -9.7612843e-33
  -1.6400400e-35
  -2.6743576e-38
  -4.2543751e-41
  -7.5259007e-32
  -1.2685948e-11
  -8.9809672e-06
   1.4039061e-02
   1.2904392e-01
   6.1761627e-02
   5.6470701e-03
   1.4006246e-04
  -5.4436280e-06
  -5.2117259e-07
  -2.0594532e-08
  -5.6396067e-10
  -1.2773272e-11
  -2.6411847e-13
  -4.9572329e-15
  -8.5595854e-17
  -1.3808014e-18
  -2.1066976e-20
  -3.0692011e-22
  -4.3020743e-24
