   4.4011156125682359E-030
   5.6712561034568545E-009
   5.2537692880108853E-003
  0.16816432387347680     
   4.2606637463474331E-002
   1.0868308880093928E-003
   6.3473766288670466E-006
   1.3313830720752236E-008
   1.6125652313448429E-011
   1.5300394339750420E-014
   1.1015044380837250E-017
   6.4282200099389895E-021
   3.1972730033884813E-024
   1.4046567595919334E-027
   5.5943975923357981E-031
   2.0593041857010859E-034
   7.1093094279194513E-038
   2.3279286097745378E-041
   7.2941661903158538E-045
   2.2023168869372195E-048
   1.6334618026321320E-036
   2.0128838979005914E-012
   1.1286151603926533E-004
   5.6645461135720651E-002
  0.12817400494813108     
   2.2192684082836082E-002
   7.8430967782425448E-004
   9.1102030129251192E-006
   4.8519359547980889E-008
   1.5632739352750363E-010
   4.2405258239862275E-013
   9.2372751164221353E-016
   1.6708409526239289E-018
   2.6128048547030086E-021
   3.6403943862727096E-024
   4.6222289785261327E-027
   5.4407606258486248E-030
   6.0161864041839129E-033
   6.3145169005534059E-036
   6.3429415692113072E-039
