   2.6883357e-02
   9.1695137e-02
  -6.5239169e-02
   1.8744084e-01
   2.0941042e-02
  -6.5367332e-02
  -2.1679586e-02
   1.7131223e-02
   1.7891985e-01
   1.3847185e-01
  -6.7494347e-02
   1.5174617e-01
   3.6270211e-02
  -3.1527437e-03
   3.5737145e-02
  -1.0248303e-02
  -6.2072174e-03
   7.4484880e-02
   7.0451724e-02
   7.0859621e-02
   3.3574857e-02
  -6.0374346e-02
   3.5867069e-02
   9.5076016e-02
   1.5366713e-01
   1.1397224e-01
   4.1777923e-02
  -1.5028098e-02
   1.4695192e-02
  -3.9364130e-02
   4.4419782e-02
  -5.7353505e-02
  -5.3443523e-02
  -4.0474935e-02
  -1.4721421e-01
   7.1919015e-02
   1.6259527e-02
  -3.7746416e-02
   6.8514927e-02
  -8.5575821e-02
