 5.00000000e-02 1.00000000e+00
 2.76923080e-01 1.00000000e+00
 5.03846150e-01 1.00000000e+00
 7.30769230e-01 1.00000000e+00
 9.57692310e-01 1.00000000e+00
 1.18461540e+00 1.00000000e+00
 1.41153850e+00 1.00000000e+00
 1.63846150e+00 1.00000000e+00
 1.86538460e+00 1.00000000e+00
 2.09230770e+00 1.00000000e+00
 2.31923080e+00 1.00000000e+00
 2.54615380e+00 1.00000000e+00
 2.77307690e+00 1.00000000e+00
 3.00000000e+00 1.00000000e+00
 5.00000000e-02 2.07692310e+00
 2.76923080e-01 2.07692310e+00
 5.03846150e-01 2.07692310e+00
 7.30769230e-01 2.07692310e+00
 9.57692310e-01 2.07692310e+00
 1.18461540e+00 2.07692310e+00
 1.41153850e+00 2.07692310e+00
 1.63846150e+00 2.07692310e+00
 1.86538460e+00 2.07692310e+00
 2.09230770e+00 2.07692310e+00
 2.31923080e+00 2.07692310e+00
 2.54615380e+00 2.07692310e+00
 2.77307690e+00 2.07692310e+00
 3.00000000e+00 2.07692310e+00
 5.00000000e-02 3.15384620e+00
 2.76923080e-01 3.15384620e+00
 5.03846150e-01 3.15384620e+00
 7.30769230e-01 3.15384620e+00
 9.57692310e-01 3.15384620e+00
 1.18461540e+00 3.15384620e+00
 1.41153850e+00 3.15384620e+00
 1.63846150e+00 3.15384620e+00
 1.86538460e+00 3.15384620e+00
 2.09230770e+00 3.15384620e+00
 2.31923080e+00 3.15384620e+00
 2.54615380e+00 3.15384620e+00
 2.77307690e+00 3.15384620e+00
 3.00000000e+00 3.15384620e+00
 5.00000000e-02 4.23076920e+00
 2.76923080e-01 4.23076920e+00
 5.03846150e-01 4.23076920e+00
 7.30769230e-01 4.23076920e+00
 9.57692310e-01 4.23076920e+00
 1.18461540e+00 4.23076920e+00
 1.41153850e+00 4.23076920e+00
 1.63846150e+00 4.23076920e+00
 1.86538460e+00 4.23076920e+00
 2.09230770e+00 4.23076920e+00
 2.31923080e+00 4.23076920e+00
 2.54615380e+00 4.23076920e+00
 2.77307690e+00 4.23076920e+00
 3.00000000e+00 4.23076920e+00
 5.00000000e-02 5.30769230e+00
 2.76923080e-01 5.30769230e+00
 5.03846150e-01 5.30769230e+00
 7.30769230e-01 5.30769230e+00
 9.57692310e-01 5.30769230e+00
 1.18461540e+00 5.30769230e+00
 1.41153850e+00 5.30769230e+00
 1.63846150e+00 5.30769230e+00
 1.86538460e+00 5.30769230e+00
 2.09230770e+00 5.30769230e+00
 2.31923080e+00 5.30769230e+00
 2.54615380e+00 5.30769230e+00
 2.77307690e+00 5.30769230e+00
 3.00000000e+00 5.30769230e+00
 5.00000000e-02 6.38461540e+00
 2.76923080e-01 6.38461540e+00
 5.03846150e-01 6.38461540e+00
 7.30769230e-01 6.38461540e+00
 9.57692310e-01 6.38461540e+00
 1.18461540e+00 6.38461540e+00
 1.41153850e+00 6.38461540e+00
 1.63846150e+00 6.38461540e+00
 1.86538460e+00 6.38461540e+00
 2.09230770e+00 6.38461540e+00
 2.31923080e+00 6.38461540e+00
 2.54615380e+00 6.38461540e+00
 2.77307690e+00 6.38461540e+00
 3.00000000e+00 6.38461540e+00
 5.00000000e-02 7.46153850e+00
 2.76923080e-01 7.46153850e+00
 5.03846150e-01 7.46153850e+00
 7.30769230e-01 7.46153850e+00
 9.57692310e-01 7.46153850e+00
 1.18461540e+00 7.46153850e+00
 1.41153850e+00 7.46153850e+00
 1.63846150e+00 7.46153850e+00
 1.86538460e+00 7.46153850e+00
 2.09230770e+00 7.46153850e+00
 2.31923080e+00 7.46153850e+00
 2.54615380e+00 7.46153850e+00
 2.77307690e+00 7.46153850e+00
 3.00000000e+00 7.46153850e+00
 5.00000000e-02 8.53846150e+00
 2.76923080e-01 8.53846150e+00
 5.03846150e-01 8.53846150e+00
 7.30769230e-01 8.53846150e+00
 9.57692310e-01 8.53846150e+00
 1.18461540e+00 8.53846150e+00
 1.41153850e+00 8.53846150e+00
 1.63846150e+00 8.53846150e+00
 1.86538460e+00 8.53846150e+00
 2.09230770e+00 8.53846150e+00
 2.31923080e+00 8.53846150e+00
 2.54615380e+00 8.53846150e+00
 2.77307690e+00 8.53846150e+00
 3.00000000e+00 8.53846150e+00
 5.00000000e-02 9.61538460e+00
 2.76923080e-01 9.61538460e+00
 5.03846150e-01 9.61538460e+00
 7.30769230e-01 9.61538460e+00
 9.57692310e-01 9.61538460e+00
 1.18461540e+00 9.61538460e+00
 1.41153850e+00 9.61538460e+00
 1.63846150e+00 9.61538460e+00
 1.86538460e+00 9.61538460e+00
 2.09230770e+00 9.61538460e+00
 2.31923080e+00 9.61538460e+00
 2.54615380e+00 9.61538460e+00
 2.77307690e+00 9.61538460e+00
 3.00000000e+00 9.61538460e+00
 5.00000000e-02 1.06923080e+01
 2.76923080e-01 1.06923080e+01
 5.03846150e-01 1.06923080e+01
 7.30769230e-01 1.06923080e+01
 9.57692310e-01 1.06923080e+01
 1.18461540e+00 1.06923080e+01
 1.41153850e+00 1.06923080e+01
 1.63846150e+00 1.06923080e+01
 1.86538460e+00 1.06923080e+01
 2.09230770e+00 1.06923080e+01
 2.31923080e+00 1.06923080e+01
 2.54615380e+00 1.06923080e+01
 2.77307690e+00 1.06923080e+01
 3.00000000e+00 1.06923080e+01
 5.00000000e-02 1.17692310e+01
 2.76923080e-01 1.17692310e+01
 5.03846150e-01 1.17692310e+01
 7.30769230e-01 1.17692310e+01
 9.57692310e-01 1.17692310e+01
 1.18461540e+00 1.17692310e+01
 1.41153850e+00 1.17692310e+01
 1.63846150e+00 1.17692310e+01
 1.86538460e+00 1.17692310e+01
 2.09230770e+00 1.17692310e+01
 2.31923080e+00 1.17692310e+01
 2.54615380e+00 1.17692310e+01
 2.77307690e+00 1.17692310e+01
 3.00000000e+00 1.17692310e+01
 5.00000000e-02 1.28461540e+01
 2.76923080e-01 1.28461540e+01
 5.03846150e-01 1.28461540e+01
 7.30769230e-01 1.28461540e+01
 9.57692310e-01 1.28461540e+01
 1.18461540e+00 1.28461540e+01
 1.41153850e+00 1.28461540e+01
 1.63846150e+00 1.28461540e+01
 1.86538460e+00 1.28461540e+01
 2.09230770e+00 1.28461540e+01
 2.31923080e+00 1.28461540e+01
 2.54615380e+00 1.28461540e+01
 2.77307690e+00 1.28461540e+01
 3.00000000e+00 1.28461540e+01
 5.00000000e-02 1.39230770e+01
 2.76923080e-01 1.39230770e+01
 5.03846150e-01 1.39230770e+01
 7.30769230e-01 1.39230770e+01
 9.57692310e-01 1.39230770e+01
 1.18461540e+00 1.39230770e+01
 1.41153850e+00 1.39230770e+01
 1.63846150e+00 1.39230770e+01
 1.86538460e+00 1.39230770e+01
 2.09230770e+00 1.39230770e+01
 2.31923080e+00 1.39230770e+01
 2.54615380e+00 1.39230770e+01
 2.77307690e+00 1.39230770e+01
 3.00000000e+00 1.39230770e+01
 5.00000000e-02 1.50000000e+01
 2.76923080e-01 1.50000000e+01
 5.03846150e-01 1.50000000e+01
 7.30769230e-01 1.50000000e+01
 9.57692310e-01 1.50000000e+01
 1.18461540e+00 1.50000000e+01
 1.41153850e+00 1.50000000e+01
 1.63846150e+00 1.50000000e+01
 1.86538460e+00 1.50000000e+01
 2.09230770e+00 1.50000000e+01
 2.31923080e+00 1.50000000e+01
 2.54615380e+00 1.50000000e+01
 2.77307690e+00 1.50000000e+01
 3.00000000e+00 1.50000000e+01
