   2.8698265181455058     
   2.4177899320441458     
   2.6212072256536167     
   2.8979988316063503     
   3.1832939183317723     
   3.2045105083207508     
   2.8911392033319174     
   2.4245285061784410     
   2.5985612651158707     
   2.9265978972704989     
   3.1884479665462058     
   3.1914117180239048     
   2.8852259371121320     
   2.4223967941339701     
   2.6228964008030564     
   2.9160308481805552     
   3.1879560404441785     
   3.1993219698994286     
   2.8916171187405757     
   2.4219201894111064     
   2.6052910221437742     
   3.1851913043309148     
   2.7003756785911364     
   2.7856339676847481     
   3.0459460222345829     
   3.2853665045589695     
   3.3781126771967882     
   3.1639576217733998     
   2.6704516054897924     
   2.7851295208123075     
   3.0469383400912733     
   3.3058558681138335     
   3.4005099191093651     
   3.1506447539542206     
   2.6679615149834861     
   2.7891962215088135     
   3.0390675352527410     
   3.3203489178882419     
   3.3714817861308291     
   3.1368948740942431     
   2.6595451640720436     
   2.7917677946318102     
   3.5772500983628843     
   3.1267288009264655     
   3.1144448526826922     
   3.3317268079818882     
   3.6020381393943577     
   3.7092451276216227     
   3.5675756303630379     
   3.0977957364289850     
   3.1144436986372455     
   3.3380043408398787     
   3.6368470631064271     
   3.7347748560271716     
   3.5554336907301112     
   3.1221712825722818     
   3.1376295144924686     
   3.3421471726186951     
   3.6200541162284416     
   3.7204323784563398     
   3.5431856179559400     
   3.1236068756358835     
   3.1143061253576683     
   4.1017837648119668     
   3.7552334789074440     
   3.6156832982971201     
   3.8085295440442000     
   4.0636418766355815     
   4.2049021549372965     
   4.0981563779073378     
   3.7406411840884504     
   3.6140992083769490     
   3.8000010542439515     
   4.0668042196909591     
   4.2138435361013356     
   4.0928871953579664     
   3.7328979914754257     
   3.6189568718843113     
   3.8093440807867847     
   4.0488876582561293     
   4.2045563157095884     
   4.0876845611163661     
   3.7366593343464576     
   3.5939089179181707     
   4.7143906241738467     
   4.4153353264048878     
   4.1927371014972916     
   4.4170110209457265     
   4.6463181417966641     
   4.7690188417163517     
   4.7090766272137250     
   4.4081740229394715     
   4.1855400198834740     
   4.4060907040407384     
   4.6483351492063694     
   4.7745307130534007     
   4.7260333133070551     
   4.4161381575997822     
   4.2122836964689681     
   4.4138808756719587     
   4.6501623406102404     
   4.7935597561978707     
   4.7236580273597735     
   4.4071907404327817     
   4.1902169946093100     
   5.1913035227527953     
   4.9888654065875935     
   4.7097135904050944     
   4.9354402097428256     
   5.1521708976550231     
   5.2832065210075090     
   5.2631684032406323     
   4.9840697757806423     
   4.7062026639197150     
   4.9613429847480424     
   5.1656941348886916     
   5.3024888432255430     
   5.2467670930496473     
   4.9980951430057230     
   4.7042118391979075     
   4.9657250625376133     
   5.1791939690429354     
   5.2761603984793597     
   5.2471901783201362     
   4.9874315573804857     
   4.7052528227879478     
   5.5174554194793828     
   5.3066121679408855     
   4.9608435191996776     
   5.2205266735935929     
   5.4178674060981171     
   5.5726290975216495     
   5.4796099480753178     
   5.2946410257228553     
   4.9392756832943041     
   5.2056271193029398     
   5.4217233782799568     
   5.5714099217941895     
   5.4913682393182128     
   5.2941624228771982     
   4.9456747921949455     
   5.2139499305827979     
   5.4235768926282582     
   5.5780986790027320     
   5.4892616230442526     
   5.2795972675810248     
   4.9639794481977058     
   5.3929262785397238     
   5.2275433564960148     
   4.8609145960957409     
   5.0770178124842875     
   5.3228138462280459     
   5.4525407311506964     
   5.4232191940576033     
   5.2303527499448546     
   4.8532055872499553     
   5.0908303318489265     
   5.3174549415865737     
   5.4737933948332387     
   5.4150342369572497     
   5.2371098711194790     
   4.8637534436509542     
   5.0950449958455257     
   5.3273316560563995     
   5.4699282051210254     
   5.4104953465050727     
   5.2029619423398765     
   4.8686943511514489     
   4.9812736481556081     
   4.8193729250176274     
   4.4436898635159547     
   4.6022035877648539     
   4.8679250632962194     
   5.0112581311462687     
   5.0050521991880856     
   4.8310184588076943     
   4.4420420728382206     
   4.6283429302656511     
   4.8640866561694409     
   5.0027686622052077     
   4.9956296018664084     
   4.8258258107002874     
   4.4034858313690721     
   4.6116100389667434     
   4.8698125476268492     
   5.0333856558366517     
   4.9898311068628693     
   4.8362766476670656     
   4.4056620196735050     
   4.4345860609519230     
   4.3164901344632787     
   3.9205469309835035     
   4.0142734183457218     
   4.2499521598192525     
   4.4662626785591257     
   4.4757591358466646     
   4.3258060407217211     
   3.9215135184190109     
   4.0375646475860281     
   4.2995262263738327     
   4.4440467714281358     
   4.4674826707318216     
   4.3209900638754695     
   3.9120155463778801     
   4.0296169291981956     
   4.2906516752391477     
   4.4505699425598504     
   4.4647377920950859     
   4.3194972506006071     
   3.9099489517976149     
   3.9651968522383649     
   3.8414753930862648     
   3.4979194022542854     
   3.4845634251782682     
   3.7291188269509918     
   3.9455307829796773     
   3.9709504595694858     
   3.8799682513005820     
   3.4852577853220721     
   3.4902252079838370     
   3.7722588397658852     
   3.9580650135520603     
   3.9837161471277218     
   3.8808899195624766     
   3.4566859855537402     
   3.4895355712038159     
   3.7678685999472297     
   3.9442232906722294     
   3.9851763854231566     
   3.8887616779968175     
   3.4614415868615751     
   3.6524814952635749     
   3.5650009202795534     
   3.2310435482467268     
   3.1358354416934677     
   3.4125354635230369     
   3.6276019479862072     
   3.6556711110800872     
   3.5798881642470795     
   3.2068573934638449     
   3.1264323531091538     
   3.4315905096899826     
   3.6038736340773703     
   3.6662116257944497     
   3.5805766498589406     
   3.1996507384291224     
   3.1187061018208198     
   3.4137394763286570     
   3.6111607312714789     
   3.6757335927279415     
   3.5851801424744671     
   3.1843120446203308     
   3.4975775530849598     
   3.4438984743653291     
   3.1628151942980178     
   2.9124660005427820     
   3.2161548215788942     
   3.4268160476050689     
   3.5154414515737020     
   3.4610641213772144     
   3.1468560850495209     
   2.9104713739346675     
   3.2207867736417741     
   3.4722018136099013     
   3.5091495108582151     
   3.4438960781821120     
   3.1401078659612960     
   2.9238085923463863     
   3.2381219602813101     
   3.4409893857372804     
   3.5160256100055225     
   3.4323311506970171     
   3.1364848781104264     
   3.4747035024818702     
   3.4115109934411709     
   3.2020157396602631     
   2.8532292591540820     
   3.1767097285459247     
   3.4197827030208350     
   3.4816878462657268     
   3.4195077604439925     
   3.1525328737048408     
   2.8695335645280666     
   3.1818706141690614     
   3.4282688429779977     
   3.4624751666975140     
   3.4470538525488479     
   3.1237214244443576     
   2.8573665995155730     
   3.1648255678229065     
   3.4057421545254654     
   3.4723454026672949     
   3.4222090958810529     
   3.1520983050579625     
   3.5086049105180948     
   3.4231421199920060     
   3.2816550752079277     
   2.8457051281676371     
   3.1658436413917750     
   3.4294754481448431     
   3.5014542880064852     
   3.4743032087770098     
   3.2255282882315939     
   2.8399234417317336     
   3.1409580235618328     
   3.4260668180261282     
   3.5144949721573617     
   3.4646431550846053     
   3.2328362147749719     
   2.8444106114799004     
   3.1920121145675973     
   3.4015488925243655     
   3.4955433962917866     
   3.4703267516286074     
   3.2337247938946119     
   3.5361002034056401     
   3.4686831566245422     
   3.3571143068158573     
   2.8524520373693312     
   3.1807119388686012     
   3.4164197796431335     
   3.5189382971968568     
   3.5037343272083161     
   3.3117618058908329     
   2.8356475423016079     
   3.1742103017544760     
   3.4283336540286538     
   3.5511076373519677     
   3.4880568036260700     
   3.3319425944880132     
   2.8633505604985858     
   3.1788377647058175     
   3.4214443186999892     
   3.5399411777298573     
   3.4970738676026096     
   3.2751782376520477     
   3.5658144427709368     
   3.5008779366572025     
   3.4299459823036926     
   2.8415595652153822     
   3.1743280703615024     
   3.4357758660117907     
   3.5906747710565252     
   3.5457769952649567     
   3.3864980367105026     
   2.8431125603912406     
   3.1871685076007159     
   3.4403575411311822     
   3.5788683341881136     
   3.5347933436552390     
   3.3828912710181953     
   2.8677146643559936     
   3.1788832118588424     
   3.4419735329641359     
   3.5801077061721918     
   3.5402548056829177     
   3.3711167455536666     
   3.6172621387021922     
   3.5450464784238465     
   3.4929618112001473     
   2.8791674883918850     
   3.1692244819613222     
   3.4712601489287174     
   3.6184976062394769     
   3.5750476957080650     
   3.4774765446710170     
   2.8795034764323226     
   3.1821495447855686     
   3.4376642832393101     
   3.5961815419852998     
   3.6070355542825787     
   3.4385322358105590     
   2.8651298163296079     
   3.1718188956036544     
   3.4500984019922427     
   3.6031182422561567     
   3.5894308433270368     
   3.4535070247413451     
   3.6055317882530602     
   3.5962520013689794     
   3.5656174469384938     
   2.9135897555477168     
   3.1828832259317972     
   3.4698652316132632     
   3.6261041847329851     
   3.6575635378427007     
   3.5371833848986851     
   2.8791433060116702     
   3.1808878968383070     
   3.5087881890440480     
   3.6106298039114373     
   3.6228774767306566     
   3.5144707634293439     
   2.8950892021802650     
   3.1955908457001803     
   3.4636145022559495     
   3.6151213151943784     
   3.6379194486507620     
   3.4934919912130322     
   3.6202429606902751     
   3.6482364892228576     
   3.6483064321927747     
   2.9136531195968995     
   3.1930266073492968     
   3.4938924790134793     
   3.6418963041194656     
   3.6914536032171918     
   3.5642104692062340     
   2.9179472612919266     
   3.1937289220798801     
   3.4587329578246697     
   3.6505107129098535     
   3.6820076258696703     
   3.5687823237916900     
   2.9265502297255193     
   3.2006870517094628     
   3.4814977084640768     
   3.6447687820905559     
   3.6906748146709063     
   3.5587774877190013     
   3.6527180616528145     
   3.6647031862921402     
   3.6878038185751496     
   2.9660684612545785     
   3.1917091901448176     
   3.4923957843929303     
   3.6834366412939437     
   3.7436196369829249     
   3.6365996132086194     
   2.9224203342731556     
   3.2138965799450814     
   3.4841045690482675     
   3.6632645002401159     
   3.7305004362112584     
   3.6661221663110002     
   2.9406481955299952     
   3.2086288804699992     
   3.4772678847995655     
   3.6820874276614699     
   3.7137079283364480     
   3.6487464600636903     
