  -3.5576792e-19
   9.1126587e-03
   9.5736873e+00
   8.9882814e+00
   2.2268292e+00
   3.5305529e-02
   3.2912984e-05
  -3.8345141e-08
  -3.7917437e-11
  -1.7105015e-14
  -5.2273779e-18
  -1.2052765e-21
  -2.2886350e-25
  -3.7806106e-29
  -5.6320122e-33
  -5.0539995e-31
  -1.0894444e-06
   7.9977480e+00
   8.9930588e+00
   4.7966336e+00
   1.7482022e+00
   2.7554493e-01
   7.3408815e-03
   9.3251494e-06
  -4.0154413e-07
  -3.4299127e-09
  -1.7370688e-11
  -7.3303509e-14
  -2.6068141e-16
  -8.0144732e-19
