  -1.0199414e-18
   8.1626884e-03
   9.5751567e+00
   8.9879501e+00
   2.2273893e+00
   3.5934245e-02
   1.9216342e-05
  -2.0837629e-07
  -2.4640882e-10
  -1.3198552e-13
  -4.8630483e-17
  -1.3626691e-20
  -3.1711988e-24
  -6.4731694e-28
  -1.2007505e-31
  -1.3805396e-30
  -3.0957238e-06
   7.9999305e+00
   8.9929432e+00
   4.7960180e+00
   1.7483556e+00
   2.7605095e-01
   7.6989374e-03
  -4.4184561e-05
  -2.3879003e-06
  -2.5880395e-08
  -1.6358444e-10
  -8.2904852e-13
  -3.6224185e-15
  -1.3789194e-17
