   7.4189269069626767E-032
   5.4748172964055495E-004
   9.5623693530524907     
   8.9982128745484076     
   2.2842480037234307     
   1.4610736260693410E-002
   1.8021679418506412E-007
   4.1135326114742372E-014
   1.5472147216636070E-020
   1.9294725832500332E-027
   1.1850122537930724E-034
   4.5046013303563278E-042
   1.2194438107407880E-049
   2.5741846286715232E-057
   4.5048267307847166E-065
   1.1435931810271285E-050
   1.5692900300916571E-011
   8.0468009732543315     
   8.9989418241752563     
   4.9114865405325077     
   1.8748717008157496     
  0.26385672194884102     
   2.5907910507647503E-003
   1.3247991364284981E-007
   1.2627204434478922E-012
   4.8359022129344325E-017
   1.0378677385588746E-021
   1.4328798053616876E-026
   1.4161089339108554E-031
   1.0824122005409436E-036
