  -7.0983344e-02
   8.6869380e-02
   9.4647400e+00
   8.9836337e+00
   2.2189159e+00
  -2.4828077e-02
  -1.0837044e-02
   7.0612544e-02
   4.9246515e-02
   2.9687503e-02
   1.5281307e-02
   3.1761206e-02
  -2.1640675e-02
  -1.8886182e-02
  -9.3728217e-03
   6.6473121e-03
   9.8621596e-03
   8.0074037e+00
   8.9754024e+00
   4.9272711e+00
   1.8589854e+00
   2.6703916e-01
   1.5209803e-03
  -5.4670473e-02
  -1.9768403e-02
  -4.6700972e-02
   1.7927589e-02
   2.9476973e-02
  -6.9622830e-02
  -1.9946864e-02
