  -1.0199414e-18
  -4.2554757e-05
   7.5311060e+00
   9.1068365e+00
   8.9999962e+00
   8.9999997e+00
   9.0000000e+00
   8.9919970e+00
   4.5234765e+00
   4.7722055e-01
   1.2155304e-02
   4.7299260e-05
  -1.3028080e-06
  -1.6507561e-08
  -8.9267356e-11
  -3.4643875e-13
  -1.0903354e-15
  -2.8863394e-18
  -6.7207730e-21
  -1.4201184e-23
  -1.3805396e-30
  -9.1720626e-10
   1.8219480e-01
   8.8173002e+00
   9.0000068e+00
   9.0000006e+00
   9.0000000e+00
   8.9952919e+00
   6.3069120e+00
   3.1569730e+00
   1.3497231e+00
   3.3168129e-01
   3.2027336e-02
   8.7635484e-04
  -3.9477246e-05
  -3.9517219e-06
  -1.6336331e-07
  -4.6367545e-09
  -1.0473844e-10
  -2.1435679e-12
