  -3.5576792e-19
  -3.3372247e-06
   7.5352832e+00
   9.1037258e+00
   9.0000405e+00
   9.0000000e+00
   9.0000000e+00
   8.9922095e+00
   4.5240184e+00
   4.7619384e-01
   1.1808273e-02
   6.2348888e-05
  -2.0755443e-07
  -2.8724761e-09
  -1.3402373e-11
  -4.5934071e-14
  -1.2614671e-16
  -2.9015597e-19
  -5.8442359e-22
  -1.0633132e-24
  -5.0539995e-31
  -3.2410919e-10
   1.7549229e-01
   8.8223483e+00
   8.9999313e+00
   9.0000001e+00
   9.0000000e+00
   8.9954155e+00
   6.3077370e+00
   3.1570831e+00
   1.3494588e+00
   3.3120758e-01
   3.1334885e-02
   9.1732570e-04
  -8.8757922e-07
  -6.7541677e-07
  -2.3881484e-08
  -5.6538279e-10
  -1.0958630e-11
  -1.9633117e-13
