   6.2419633223860988E-022
   7.1924915340649073E-005
   7.4946671594702439     
   9.1538648283315709     
   9.0002486157761439     
   9.0000001526754723     
   9.0000000000277129     
   8.9817254655402934     
   4.4303230609687976     
  0.56380795377998005     
   2.3107202704845418E-002
   3.1580772976271232E-004
   1.4977006704937577E-006
   2.8517868308500111E-009
   3.4011725201883186E-012
   3.0680269753636823E-015
   2.1733344559262926E-018
   1.2901393528706226E-021
   6.7087674971271666E-025
   3.1511650180372353E-028
   9.3292983824662184E-037
   5.8245583608068783E-012
  0.23379328069214333     
   8.7379109779003894     
   8.9995844582457991     
   8.9999998411312063     
   8.9999999999537206     
   8.9890523576119250     
   6.1907938778445741     
   3.1442663980556325     
   1.4362236046284309     
  0.43180963350358131     
   6.4299867085919490E-002
   4.0825428130757714E-003
   1.2609453926184564E-004
   2.2922808327902758E-006
   2.8190561443086187E-008
   2.6706543601271823E-010
   2.3068562473014076E-012
   1.7676643858672046E-014
