   1.2849048e-02
  -4.8691228e-02
   7.4776855e+00
   9.1301279e+00
   9.0783105e+00
   8.9153329e+00
   8.9775301e+00
   8.9879384e+00
   4.4245834e+00
   5.1815216e-01
  -9.0000245e-03
   9.5678113e-02
  -1.9544838e-02
   2.0459104e-02
  -5.7121408e-02
  -3.1243189e-02
  -5.8436142e-02
   1.9628764e-02
   6.5091975e-02
  -2.9682088e-02
   2.1818770e-02
  -2.5218124e-02
   1.7910092e-01
   8.8837173e+00
   9.0059185e+00
   8.9481579e+00
   8.9571448e+00
   8.9868876e+00
   6.2982589e+00
   3.1138749e+00
   1.3585237e+00
   3.9449803e-01
   1.8554896e-02
  -9.2688396e-03
  -1.1006398e-01
  -3.8725576e-02
  -6.9663629e-02
  -1.9311733e-02
   2.6279318e-02
   7.6163464e-02
