   1.0000000e+00   5.0000000e+00   8.9382172e+00
   1.1000000e+00   5.0000000e+00   8.9590251e+00
   1.2000000e+00   5.0000000e+00   8.9695454e+00
   1.3000000e+00   5.0000000e+00   8.9466602e+00
   1.4000000e+00   5.0000000e+00   8.9303569e+00
   1.5000000e+00   5.0000000e+00   8.9551405e+00
   1.6000000e+00   5.0000000e+00   8.9654737e+00
   1.7000000e+00   5.0000000e+00   8.9528028e+00
   1.8000000e+00   5.0000000e+00   8.9422139e+00
   1.9000000e+00   5.0000000e+00   8.9265334e+00
   2.0000000e+00   5.0000000e+00   8.9539475e+00
   2.1000000e+00   5.0000000e+00   8.9665440e+00
   2.2000000e+00   5.0000000e+00   8.9460125e+00
   2.3000000e+00   5.0000000e+00   8.9310023e+00
   2.4000000e+00   5.0000000e+00   8.9402830e+00
   2.5000000e+00   5.0000000e+00   8.9619351e+00
   2.6000000e+00   5.0000000e+00   8.9690550e+00
   2.7000000e+00   5.0000000e+00   8.9357174e+00
   2.8000000e+00   5.0000000e+00   8.9364008e+00
   2.9000000e+00   5.0000000e+00   8.9356216e+00
   3.0000000e+00   5.0000000e+00   8.9724741e+00
   1.0000000e+00   5.5000000e+00   8.9851832e+00
   1.1000000e+00   5.5000000e+00   9.0149351e+00
   1.2000000e+00   5.5000000e+00   9.0116023e+00
   1.3000000e+00   5.5000000e+00   8.9918176e+00
   1.4000000e+00   5.5000000e+00   8.9765638e+00
   1.5000000e+00   5.5000000e+00   8.9965756e+00
   1.6000000e+00   5.5000000e+00   9.0217809e+00
   1.7000000e+00   5.5000000e+00   9.0202095e+00
   1.8000000e+00   5.5000000e+00   8.9852349e+00
   1.9000000e+00   5.5000000e+00   8.9767054e+00
   2.0000000e+00   5.5000000e+00   9.0081074e+00
   2.1000000e+00   5.5000000e+00   9.0238031e+00
   2.2000000e+00   5.5000000e+00   9.0001228e+00
   2.3000000e+00   5.5000000e+00   8.9928847e+00
   2.4000000e+00   5.5000000e+00   8.9817563e+00
   2.5000000e+00   5.5000000e+00   9.0097580e+00
   2.6000000e+00   5.5000000e+00   9.0317055e+00
   2.7000000e+00   5.5000000e+00   9.0065004e+00
   2.8000000e+00   5.5000000e+00   8.9760114e+00
   2.9000000e+00   5.5000000e+00   8.9942476e+00
   3.0000000e+00   5.5000000e+00   9.0114039e+00
   1.0000000e+00   6.0000000e+00   9.0367370e+00
   1.1000000e+00   6.0000000e+00   9.0578784e+00
   1.2000000e+00   6.0000000e+00   9.0687601e+00
   1.3000000e+00   6.0000000e+00   9.0394779e+00
   1.4000000e+00   6.0000000e+00   9.0301375e+00
   1.5000000e+00   6.0000000e+00   9.0411497e+00
   1.6000000e+00   6.0000000e+00   9.0595933e+00
   1.7000000e+00   6.0000000e+00   9.0635136e+00
   1.8000000e+00   6.0000000e+00   9.0412774e+00
   1.9000000e+00   6.0000000e+00   9.0380356e+00
   2.0000000e+00   6.0000000e+00   9.0561005e+00
   2.1000000e+00   6.0000000e+00   9.0612062e+00
   2.2000000e+00   6.0000000e+00   9.0549040e+00
   2.3000000e+00   6.0000000e+00   9.0381342e+00
   2.4000000e+00   6.0000000e+00   9.0273013e+00
   2.5000000e+00   6.0000000e+00   9.0491338e+00
   2.6000000e+00   6.0000000e+00   9.0699068e+00
   2.7000000e+00   6.0000000e+00   9.0547355e+00
   2.8000000e+00   6.0000000e+00   9.0247756e+00
   2.9000000e+00   6.0000000e+00   9.0390617e+00
   3.0000000e+00   6.0000000e+00   9.0600502e+00
   1.0000000e+00   6.5000000e+00   9.0729566e+00
   1.1000000e+00   6.5000000e+00   9.0899030e+00
   1.2000000e+00   6.5000000e+00   9.1029322e+00
   1.3000000e+00   6.5000000e+00   9.0813057e+00
   1.4000000e+00   6.5000000e+00   9.0693964e+00
   1.5000000e+00   6.5000000e+00   9.0863412e+00
   1.6000000e+00   6.5000000e+00   9.1030197e+00
   1.7000000e+00   6.5000000e+00   9.1028127e+00
   1.8000000e+00   6.5000000e+00   9.0753228e+00
   1.9000000e+00   6.5000000e+00   9.0718145e+00
   2.0000000e+00   6.5000000e+00   9.0806422e+00
   2.1000000e+00   6.5000000e+00   9.0969606e+00
   2.2000000e+00   6.5000000e+00   9.1004105e+00
   2.3000000e+00   6.5000000e+00   9.0715557e+00
   2.4000000e+00   6.5000000e+00   9.0654197e+00
   2.5000000e+00   6.5000000e+00   9.0868432e+00
   2.6000000e+00   6.5000000e+00   9.0940198e+00
   2.7000000e+00   6.5000000e+00   9.0869985e+00
   2.8000000e+00   6.5000000e+00   9.0636610e+00
   2.9000000e+00   6.5000000e+00   9.0767004e+00
   3.0000000e+00   6.5000000e+00   9.0860010e+00
   1.0000000e+00   7.0000000e+00   9.0925214e+00
   1.1000000e+00   7.0000000e+00   9.1145833e+00
   1.2000000e+00   7.0000000e+00   9.1231133e+00
   1.3000000e+00   7.0000000e+00   9.1108119e+00
   1.4000000e+00   7.0000000e+00   9.0961615e+00
   1.5000000e+00   7.0000000e+00   9.1015159e+00
   1.6000000e+00   7.0000000e+00   9.1205869e+00
   1.7000000e+00   7.0000000e+00   9.1190507e+00
   1.8000000e+00   7.0000000e+00   9.1014733e+00
   1.9000000e+00   7.0000000e+00   9.0896192e+00
   2.0000000e+00   7.0000000e+00   9.1044284e+00
   2.1000000e+00   7.0000000e+00   9.1213171e+00
   2.2000000e+00   7.0000000e+00   9.1212070e+00
   2.3000000e+00   7.0000000e+00   9.0962681e+00
   2.4000000e+00   7.0000000e+00   9.0947348e+00
   2.5000000e+00   7.0000000e+00   9.1118693e+00
   2.6000000e+00   7.0000000e+00   9.1236892e+00
   2.7000000e+00   7.0000000e+00   9.1128356e+00
   2.8000000e+00   7.0000000e+00   9.0958378e+00
   2.9000000e+00   7.0000000e+00   9.0994804e+00
   3.0000000e+00   7.0000000e+00   9.1234379e+00
   1.0000000e+00   7.5000000e+00   9.1085478e+00
   1.1000000e+00   7.5000000e+00   9.1294254e+00
   1.2000000e+00   7.5000000e+00   9.1398886e+00
   1.3000000e+00   7.5000000e+00   9.1292911e+00
   1.4000000e+00   7.5000000e+00   9.1052765e+00
   1.5000000e+00   7.5000000e+00   9.1106200e+00
   1.6000000e+00   7.5000000e+00   9.1275538e+00
   1.7000000e+00   7.5000000e+00   9.1390167e+00
   1.8000000e+00   7.5000000e+00   9.1168341e+00
   1.9000000e+00   7.5000000e+00   9.0999444e+00
   2.0000000e+00   7.5000000e+00   9.1199032e+00
   2.1000000e+00   7.5000000e+00   9.1321130e+00
   2.2000000e+00   7.5000000e+00   9.1361577e+00
   2.3000000e+00   7.5000000e+00   9.1141263e+00
   2.4000000e+00   7.5000000e+00   9.1037989e+00
   2.5000000e+00   7.5000000e+00   9.1234910e+00
   2.6000000e+00   7.5000000e+00   9.1388989e+00
   2.7000000e+00   7.5000000e+00   9.1338928e+00
   2.8000000e+00   7.5000000e+00   9.1177938e+00
   2.9000000e+00   7.5000000e+00   9.1056602e+00
   3.0000000e+00   7.5000000e+00   9.1314996e+00
   1.0000000e+00   8.0000000e+00   9.1150758e+00
   1.1000000e+00   8.0000000e+00   9.1363675e+00
   1.2000000e+00   8.0000000e+00   9.1423266e+00
   1.3000000e+00   8.0000000e+00   9.1443937e+00
   1.4000000e+00   8.0000000e+00   9.1249895e+00
   1.5000000e+00   8.0000000e+00   9.1220275e+00
   1.6000000e+00   8.0000000e+00   9.1393334e+00
   1.7000000e+00   8.0000000e+00   9.1474177e+00
   1.8000000e+00   8.0000000e+00   9.1317048e+00
   1.9000000e+00   8.0000000e+00   9.1153856e+00
   2.0000000e+00   8.0000000e+00   9.1276547e+00
   2.1000000e+00   8.0000000e+00   9.1390699e+00
   2.2000000e+00   8.0000000e+00   9.1451787e+00
   2.3000000e+00   8.0000000e+00   9.1321624e+00
   2.4000000e+00   8.0000000e+00   9.1155350e+00
   2.5000000e+00   8.0000000e+00   9.1294694e+00
   2.6000000e+00   8.0000000e+00   9.1462977e+00
   2.7000000e+00   8.0000000e+00   9.1455317e+00
   2.8000000e+00   8.0000000e+00   9.1264090e+00
   2.9000000e+00   8.0000000e+00   9.1237393e+00
   3.0000000e+00   8.0000000e+00   9.1374635e+00
   1.0000000e+00   8.5000000e+00   9.1270003e+00
   1.1000000e+00   8.5000000e+00   9.1429540e+00
   1.2000000e+00   8.5000000e+00   9.1519095e+00
   1.3000000e+00   8.5000000e+00   9.1498084e+00
   1.4000000e+00   8.5000000e+00   9.1329958e+00
   1.5000000e+00   8.5000000e+00   9.1255803e+00
   1.6000000e+00   8.5000000e+00   9.1488030e+00
   1.7000000e+00   8.5000000e+00   9.1499398e+00
   1.8000000e+00   8.5000000e+00   9.1441286e+00
   1.9000000e+00   8.5000000e+00   9.1292680e+00
   2.0000000e+00   8.5000000e+00   9.1331313e+00
   2.1000000e+00   8.5000000e+00   9.1528217e+00
   2.2000000e+00   8.5000000e+00   9.1533954e+00
   2.3000000e+00   8.5000000e+00   9.1395717e+00
   2.4000000e+00   8.5000000e+00   9.1262659e+00
   2.5000000e+00   8.5000000e+00   9.1335416e+00
   2.6000000e+00   8.5000000e+00   9.1506280e+00
   2.7000000e+00   8.5000000e+00   9.1515800e+00
   2.8000000e+00   8.5000000e+00   9.1348689e+00
   2.9000000e+00   8.5000000e+00   9.1294525e+00
   3.0000000e+00   8.5000000e+00   9.1413783e+00
   1.0000000e+00   9.0000000e+00   9.1310776e+00
   1.1000000e+00   9.0000000e+00   9.1488134e+00
   1.2000000e+00   9.0000000e+00   9.1602551e+00
   1.3000000e+00   9.0000000e+00   9.1602857e+00
   1.4000000e+00   9.0000000e+00   9.1392732e+00
   1.5000000e+00   9.0000000e+00   9.1378585e+00
   1.6000000e+00   9.0000000e+00   9.1540840e+00
   1.7000000e+00   9.0000000e+00   9.1535700e+00
   1.8000000e+00   9.0000000e+00   9.1518024e+00
   1.9000000e+00   9.0000000e+00   9.1337345e+00
   2.0000000e+00   9.0000000e+00   9.1392800e+00
   2.1000000e+00   9.0000000e+00   9.1558971e+00
   2.2000000e+00   9.0000000e+00   9.1623554e+00
   2.3000000e+00   9.0000000e+00   9.1487150e+00
   2.4000000e+00   9.0000000e+00   9.1297069e+00
   2.5000000e+00   9.0000000e+00   9.1417352e+00
   2.6000000e+00   9.0000000e+00   9.1597607e+00
   2.7000000e+00   9.0000000e+00   9.1513799e+00
   2.8000000e+00   9.0000000e+00   9.1425033e+00
   2.9000000e+00   9.0000000e+00   9.1286638e+00
   3.0000000e+00   9.0000000e+00   9.1479813e+00
   1.0000000e+00   9.5000000e+00   9.1374693e+00
   1.1000000e+00   9.5000000e+00   9.1569851e+00
   1.2000000e+00   9.5000000e+00   9.1657019e+00
   1.3000000e+00   9.5000000e+00   9.1622683e+00
   1.4000000e+00   9.5000000e+00   9.1517921e+00
   1.5000000e+00   9.5000000e+00   9.1441330e+00
   1.6000000e+00   9.5000000e+00   9.1534721e+00
   1.7000000e+00   9.5000000e+00   9.1630164e+00
   1.8000000e+00   9.5000000e+00   9.1613622e+00
   1.9000000e+00   9.5000000e+00   9.1419785e+00
   2.0000000e+00   9.5000000e+00   9.1425482e+00
   2.1000000e+00   9.5000000e+00   9.1679562e+00
   2.2000000e+00   9.5000000e+00   9.1636191e+00
   2.3000000e+00   9.5000000e+00   9.1591457e+00
   2.4000000e+00   9.5000000e+00   9.1356825e+00
   2.5000000e+00   9.5000000e+00   9.1463578e+00
   2.6000000e+00   9.5000000e+00   9.1632900e+00
   2.7000000e+00   9.5000000e+00   9.1635861e+00
   2.8000000e+00   9.5000000e+00   9.1491008e+00
   2.9000000e+00   9.5000000e+00   9.1364436e+00
   3.0000000e+00   9.5000000e+00   9.1593501e+00
   1.0000000e+00   1.0000000e+01   9.1423148e+00
   1.1000000e+00   1.0000000e+01   9.1599893e+00
   1.2000000e+00   1.0000000e+01   9.1662396e+00
   1.3000000e+00   1.0000000e+01   9.1670844e+00
   1.4000000e+00   1.0000000e+01   9.1478553e+00
   1.5000000e+00   1.0000000e+01   9.1480969e+00
   1.6000000e+00   1.0000000e+01   9.1639492e+00
   1.7000000e+00   1.0000000e+01   9.1644595e+00
   1.8000000e+00   1.0000000e+01   9.1648658e+00
   1.9000000e+00   1.0000000e+01   9.1463946e+00
   2.0000000e+00   1.0000000e+01   9.1517846e+00
   2.1000000e+00   1.0000000e+01   9.1685505e+00
   2.2000000e+00   1.0000000e+01   9.1688393e+00
   2.3000000e+00   1.0000000e+01   9.1618651e+00
   2.4000000e+00   1.0000000e+01   9.1429383e+00
   2.5000000e+00   1.0000000e+01   9.1549206e+00
   2.6000000e+00   1.0000000e+01   9.1596891e+00
   2.7000000e+00   1.0000000e+01   9.1706681e+00
   2.8000000e+00   1.0000000e+01   9.1600750e+00
   2.9000000e+00   1.0000000e+01   9.1458719e+00
   3.0000000e+00   1.0000000e+01   9.1587867e+00
   1.0000000e+00   1.0500000e+01   9.1465925e+00
   1.1000000e+00   1.0500000e+01   9.1630773e+00
   1.2000000e+00   1.0500000e+01   9.1746682e+00
   1.3000000e+00   1.0500000e+01   9.1737404e+00
   1.4000000e+00   1.0500000e+01   9.1599451e+00
   1.5000000e+00   1.0500000e+01   9.1488563e+00
   1.6000000e+00   1.0500000e+01   9.1643150e+00
   1.7000000e+00   1.0500000e+01   9.1759415e+00
   1.8000000e+00   1.0500000e+01   9.1714635e+00
   1.9000000e+00   1.0500000e+01   9.1542938e+00
   2.0000000e+00   1.0500000e+01   9.1525704e+00
   2.1000000e+00   1.0500000e+01   9.1700334e+00
   2.2000000e+00   1.0500000e+01   9.1733301e+00
   2.3000000e+00   1.0500000e+01   9.1703864e+00
   2.4000000e+00   1.0500000e+01   9.1494279e+00
   2.5000000e+00   1.0500000e+01   9.1595193e+00
   2.6000000e+00   1.0500000e+01   9.1698183e+00
   2.7000000e+00   1.0500000e+01   9.1718606e+00
   2.8000000e+00   1.0500000e+01   9.1644904e+00
   2.9000000e+00   1.0500000e+01   9.1518332e+00
   3.0000000e+00   1.0500000e+01   9.1627279e+00
   1.0000000e+00   1.1000000e+01   9.1548981e+00
   1.1000000e+00   1.1000000e+01   9.1608961e+00
   1.2000000e+00   1.1000000e+01   9.1716211e+00
   1.3000000e+00   1.1000000e+01   9.1719161e+00
   1.4000000e+00   1.1000000e+01   9.1639363e+00
   1.5000000e+00   1.1000000e+01   9.1537835e+00
   1.6000000e+00   1.1000000e+01   9.1712825e+00
   1.7000000e+00   1.1000000e+01   9.1786303e+00
   1.8000000e+00   1.1000000e+01   9.1764694e+00
   1.9000000e+00   1.1000000e+01   9.1622693e+00
   2.0000000e+00   1.1000000e+01   9.1599237e+00
   2.1000000e+00   1.1000000e+01   9.1723853e+00
   2.2000000e+00   1.1000000e+01   9.1786354e+00
   2.3000000e+00   1.1000000e+01   9.1734429e+00
   2.4000000e+00   1.1000000e+01   9.1504726e+00
   2.5000000e+00   1.1000000e+01   9.1637698e+00
   2.6000000e+00   1.1000000e+01   9.1746320e+00
   2.7000000e+00   1.1000000e+01   9.1750538e+00
   2.8000000e+00   1.1000000e+01   9.1678467e+00
   2.9000000e+00   1.1000000e+01   9.1520039e+00
   3.0000000e+00   1.1000000e+01   9.1656613e+00
   1.0000000e+00   1.1500000e+01   9.1580217e+00
   1.1000000e+00   1.1500000e+01   9.1707299e+00
   1.2000000e+00   1.1500000e+01   9.1765639e+00
   1.3000000e+00   1.1500000e+01   9.1744487e+00
   1.4000000e+00   1.1500000e+01   9.1711134e+00
   1.5000000e+00   1.1500000e+01   9.1590127e+00
   1.6000000e+00   1.1500000e+01   9.1727426e+00
   1.7000000e+00   1.1500000e+01   9.1779607e+00
   1.8000000e+00   1.1500000e+01   9.1768086e+00
   1.9000000e+00   1.1500000e+01   9.1668581e+00
   2.0000000e+00   1.1500000e+01   9.1656613e+00
   2.1000000e+00   1.1500000e+01   9.1736311e+00
   2.2000000e+00   1.1500000e+01   9.1752339e+00
   2.3000000e+00   1.1500000e+01   9.1765956e+00
   2.4000000e+00   1.1500000e+01   9.1622885e+00
   2.5000000e+00   1.1500000e+01   9.1647345e+00
   2.6000000e+00   1.1500000e+01   9.1785994e+00
   2.7000000e+00   1.1500000e+01   9.1760304e+00
   2.8000000e+00   1.1500000e+01   9.1734632e+00
   2.9000000e+00   1.1500000e+01   9.1530953e+00
   3.0000000e+00   1.1500000e+01   9.1699744e+00
   1.0000000e+00   1.2000000e+01   9.1587512e+00
   1.1000000e+00   1.2000000e+01   9.1721454e+00
   1.2000000e+00   1.2000000e+01   9.1810844e+00
   1.3000000e+00   1.2000000e+01   9.1727364e+00
   1.4000000e+00   1.2000000e+01   9.1742203e+00
   1.5000000e+00   1.2000000e+01   9.1657098e+00
   1.6000000e+00   1.2000000e+01   9.1763740e+00
   1.7000000e+00   1.2000000e+01   9.1758860e+00
   1.8000000e+00   1.2000000e+01   9.1778344e+00
   1.9000000e+00   1.2000000e+01   9.1633431e+00
   2.0000000e+00   1.2000000e+01   9.1634326e+00
   2.1000000e+00   1.2000000e+01   9.1808107e+00
   2.2000000e+00   1.2000000e+01   9.1796849e+00
   2.3000000e+00   1.2000000e+01   9.1773896e+00
   2.4000000e+00   1.2000000e+01   9.1660200e+00
   2.5000000e+00   1.2000000e+01   9.1714395e+00
   2.6000000e+00   1.2000000e+01   9.1779429e+00
   2.7000000e+00   1.2000000e+01   9.1775895e+00
   2.8000000e+00   1.2000000e+01   9.1774300e+00
   2.9000000e+00   1.2000000e+01   9.1610401e+00
   3.0000000e+00   1.2000000e+01   9.1727149e+00
   1.0000000e+00   1.2500000e+01   9.1620622e+00
   1.1000000e+00   1.2500000e+01   9.1718988e+00
   1.2000000e+00   1.2500000e+01   9.1842724e+00
   1.3000000e+00   1.2500000e+01   9.1803180e+00
   1.4000000e+00   1.2500000e+01   9.1765885e+00
   1.5000000e+00   1.2500000e+01   9.1659294e+00
   1.6000000e+00   1.2500000e+01   9.1780631e+00
   1.7000000e+00   1.2500000e+01   9.1787488e+00
   1.8000000e+00   1.2500000e+01   9.1798933e+00
   1.9000000e+00   1.2500000e+01   9.1728556e+00
   2.0000000e+00   1.2500000e+01   9.1663019e+00
   2.1000000e+00   1.2500000e+01   9.1797798e+00
   2.2000000e+00   1.2500000e+01   9.1792103e+00
   2.3000000e+00   1.2500000e+01   9.1804039e+00
   2.4000000e+00   1.2500000e+01   9.1688995e+00
   2.5000000e+00   1.2500000e+01   9.1716857e+00
   2.6000000e+00   1.2500000e+01   9.1819586e+00
   2.7000000e+00   1.2500000e+01   9.1785655e+00
   2.8000000e+00   1.2500000e+01   9.1719461e+00
   2.9000000e+00   1.2500000e+01   9.1600632e+00
   3.0000000e+00   1.2500000e+01   9.1734298e+00
   1.0000000e+00   1.3000000e+01   9.1705125e+00
   1.1000000e+00   1.3000000e+01   9.1739021e+00
   1.2000000e+00   1.3000000e+01   9.1864830e+00
   1.3000000e+00   1.3000000e+01   9.1818207e+00
   1.4000000e+00   1.3000000e+01   9.1801491e+00
   1.5000000e+00   1.3000000e+01   9.1751548e+00
   1.6000000e+00   1.3000000e+01   9.1790870e+00
   1.7000000e+00   1.3000000e+01   9.1814616e+00
   1.8000000e+00   1.3000000e+01   9.1825827e+00
   1.9000000e+00   1.3000000e+01   9.1777642e+00
   2.0000000e+00   1.3000000e+01   9.1680819e+00
   2.1000000e+00   1.3000000e+01   9.1825410e+00
   2.2000000e+00   1.3000000e+01   9.1828735e+00
   2.3000000e+00   1.3000000e+01   9.1806768e+00
   2.4000000e+00   1.3000000e+01   9.1737566e+00
   2.5000000e+00   1.3000000e+01   9.1742016e+00
   2.6000000e+00   1.3000000e+01   9.1830502e+00
   2.7000000e+00   1.3000000e+01   9.1817042e+00
   2.8000000e+00   1.3000000e+01   9.1802411e+00
   2.9000000e+00   1.3000000e+01   9.1671845e+00
   3.0000000e+00   1.3000000e+01   9.1771628e+00
   1.0000000e+00   1.3500000e+01   9.1731773e+00
   1.1000000e+00   1.3500000e+01   9.1792951e+00
   1.2000000e+00   1.3500000e+01   9.1815823e+00
   1.3000000e+00   1.3500000e+01   9.1875696e+00
   1.4000000e+00   1.3500000e+01   9.1780663e+00
   1.5000000e+00   1.3500000e+01   9.1723942e+00
   1.6000000e+00   1.3500000e+01   9.1771433e+00
   1.7000000e+00   1.3500000e+01   9.1832878e+00
   1.8000000e+00   1.3500000e+01   9.1849906e+00
   1.9000000e+00   1.3500000e+01   9.1735475e+00
   2.0000000e+00   1.3500000e+01   9.1727652e+00
   2.1000000e+00   1.3500000e+01   9.1838734e+00
   2.2000000e+00   1.3500000e+01   9.1845195e+00
   2.3000000e+00   1.3500000e+01   9.1866809e+00
   2.4000000e+00   1.3500000e+01   9.1736577e+00
   2.5000000e+00   1.3500000e+01   9.1720025e+00
   2.6000000e+00   1.3500000e+01   9.1855188e+00
   2.7000000e+00   1.3500000e+01   9.1865584e+00
   2.8000000e+00   1.3500000e+01   9.1787176e+00
   2.9000000e+00   1.3500000e+01   9.1737980e+00
   3.0000000e+00   1.3500000e+01   9.1768774e+00
   1.0000000e+00   1.4000000e+01   9.1721891e+00
   1.1000000e+00   1.4000000e+01   9.1792099e+00
   1.2000000e+00   1.4000000e+01   9.1880116e+00
   1.3000000e+00   1.4000000e+01   9.1870873e+00
   1.4000000e+00   1.4000000e+01   9.1824556e+00
   1.5000000e+00   1.4000000e+01   9.1708202e+00
   1.6000000e+00   1.4000000e+01   9.1795874e+00
   1.7000000e+00   1.4000000e+01   9.1888902e+00
   1.8000000e+00   1.4000000e+01   9.1877133e+00
   1.9000000e+00   1.4000000e+01   9.1778764e+00
   2.0000000e+00   1.4000000e+01   9.1737957e+00
   2.1000000e+00   1.4000000e+01   9.1833112e+00
   2.2000000e+00   1.4000000e+01   9.1828210e+00
   2.3000000e+00   1.4000000e+01   9.1840857e+00
   2.4000000e+00   1.4000000e+01   9.1771561e+00
   2.5000000e+00   1.4000000e+01   9.1789706e+00
   2.6000000e+00   1.4000000e+01   9.1812742e+00
   2.7000000e+00   1.4000000e+01   9.1890919e+00
   2.8000000e+00   1.4000000e+01   9.1861519e+00
   2.9000000e+00   1.4000000e+01   9.1743831e+00
   3.0000000e+00   1.4000000e+01   9.1778786e+00
   1.0000000e+00   1.4500000e+01   9.1760509e+00
   1.1000000e+00   1.4500000e+01   9.1774805e+00
   1.2000000e+00   1.4500000e+01   9.1848556e+00
   1.3000000e+00   1.4500000e+01   9.1848100e+00
   1.4000000e+00   1.4500000e+01   9.1851568e+00
   1.5000000e+00   1.4500000e+01   9.1721750e+00
   1.6000000e+00   1.4500000e+01   9.1773136e+00
   1.7000000e+00   1.4500000e+01   9.1884293e+00
   1.8000000e+00   1.4500000e+01   9.1864282e+00
   1.9000000e+00   1.4500000e+01   9.1849550e+00
   2.0000000e+00   1.4500000e+01   9.1764626e+00
   2.1000000e+00   1.4500000e+01   9.1847618e+00
   2.2000000e+00   1.4500000e+01   9.1895573e+00
   2.3000000e+00   1.4500000e+01   9.1830865e+00
   2.4000000e+00   1.4500000e+01   9.1731379e+00
   2.5000000e+00   1.4500000e+01   9.1786903e+00
   2.6000000e+00   1.4500000e+01   9.1871966e+00
   2.7000000e+00   1.4500000e+01   9.1876393e+00
   2.8000000e+00   1.4500000e+01   9.1849968e+00
   2.9000000e+00   1.4500000e+01   9.1730974e+00
   3.0000000e+00   1.4500000e+01   9.1764221e+00
   1.0000000e+00   1.5000000e+01   9.1782108e+00
   1.1000000e+00   1.5000000e+01   9.1745677e+00
   1.2000000e+00   1.5000000e+01   9.1827712e+00
   1.3000000e+00   1.5000000e+01   9.1910977e+00
   1.4000000e+00   1.5000000e+01   9.1837995e+00
   1.5000000e+00   1.5000000e+01   9.1746674e+00
   1.6000000e+00   1.5000000e+01   9.1808410e+00
   1.7000000e+00   1.5000000e+01   9.1863424e+00
   1.8000000e+00   1.5000000e+01   9.1852850e+00
   1.9000000e+00   1.5000000e+01   9.1838116e+00
   2.0000000e+00   1.5000000e+01   9.1761568e+00
   2.1000000e+00   1.5000000e+01   9.1827254e+00
   2.2000000e+00   1.5000000e+01   9.1887487e+00
   2.3000000e+00   1.5000000e+01   9.1891194e+00
   2.4000000e+00   1.5000000e+01   9.1770148e+00
   2.5000000e+00   1.5000000e+01   9.1742207e+00
   2.6000000e+00   1.5000000e+01   9.1826506e+00
   2.7000000e+00   1.5000000e+01   9.1878799e+00
   2.8000000e+00   1.5000000e+01   9.1866706e+00
   2.9000000e+00   1.5000000e+01   9.1771743e+00
   3.0000000e+00   1.5000000e+01   9.1780679e+00
