   5.0000000e-02   1.0000000e+00   1.3660742e+00
   2.7692308e-01   1.0000000e+00   5.1406122e+00
   5.0384615e-01   1.0000000e+00   6.0165238e+00
   7.3076923e-01   1.0000000e+00   6.4040767e+00
   9.5769231e-01   1.0000000e+00   6.2173276e+00
   1.1846154e+00   1.0000000e+00   6.4095678e+00
   1.4115385e+00   1.0000000e+00   6.2283517e+00
   1.6384615e+00   1.0000000e+00   6.4081261e+00
   1.8653846e+00   1.0000000e+00   6.2663061e+00
   2.0923077e+00   1.0000000e+00   6.3822993e+00
   2.3192308e+00   1.0000000e+00   6.3179404e+00
   2.5461538e+00   1.0000000e+00   6.3862864e+00
   2.7730769e+00   1.0000000e+00   6.3385184e+00
   3.0000000e+00   1.0000000e+00   6.3666027e+00
   5.0000000e-02   2.0769231e+00   2.9685616e+00
   2.7692308e-01   2.0769231e+00   6.8854455e+00
   5.0384615e-01   2.0769231e+00   7.6593726e+00
   7.3076923e-01   2.0769231e+00   7.9781486e+00
   9.5769231e-01   2.0769231e+00   7.9329343e+00
   1.1846154e+00   2.0769231e+00   7.9944910e+00
   1.4115385e+00   2.0769231e+00   7.9464185e+00
   1.6384615e+00   2.0769231e+00   7.9802138e+00
   1.8653846e+00   2.0769231e+00   7.9504356e+00
   2.0923077e+00   2.0769231e+00   7.9706982e+00
   2.3192308e+00   2.0769231e+00   7.9765705e+00
   2.5461538e+00   2.0769231e+00   7.9853747e+00
   2.7730769e+00   2.0769231e+00   7.9851566e+00
   3.0000000e+00   2.0769231e+00   7.9470702e+00
   5.0000000e-02   3.1538462e+00   3.9617933e+00
   2.7692308e-01   3.1538462e+00   7.7531098e+00
   5.0384615e-01   3.1538462e+00   8.3627368e+00
   7.3076923e-01   3.1538462e+00   8.5938336e+00
   9.5769231e-01   3.1538462e+00   8.5885476e+00
   1.1846154e+00   3.1538462e+00   8.6206334e+00
   1.4115385e+00   3.1538462e+00   8.5854302e+00
   1.6384615e+00   3.1538462e+00   8.6088849e+00
   1.8653846e+00   3.1538462e+00   8.5899578e+00
   2.0923077e+00   3.1538462e+00   8.5827813e+00
   2.3192308e+00   3.1538462e+00   8.6003743e+00
   2.5461538e+00   3.1538462e+00   8.5979809e+00
   2.7730769e+00   3.1538462e+00   8.6082395e+00
   3.0000000e+00   3.1538462e+00   8.5933660e+00
   5.0000000e-02   4.2307692e+00   4.6424429e+00
   2.7692308e-01   4.2307692e+00   8.2613117e+00
   5.0384615e-01   4.2307692e+00   8.7608342e+00
   7.3076923e-01   4.2307692e+00   8.8721162e+00
   9.5769231e-01   4.2307692e+00   8.8573912e+00
   1.1846154e+00   4.2307692e+00   8.8782594e+00
   1.4115385e+00   4.2307692e+00   8.8453058e+00
   1.6384615e+00   4.2307692e+00   8.8836808e+00
   1.8653846e+00   4.2307692e+00   8.8479604e+00
   2.0923077e+00   4.2307692e+00   8.8884191e+00
   2.3192308e+00   4.2307692e+00   8.8442824e+00
   2.5461538e+00   4.2307692e+00   8.8837137e+00
   2.7730769e+00   4.2307692e+00   8.8582043e+00
   3.0000000e+00   4.2307692e+00   8.8852910e+00
   5.0000000e-02   5.3076923e+00   5.1924531e+00
   2.7692308e-01   5.3076923e+00   8.5730953e+00
   5.0384615e-01   5.3076923e+00   8.9175615e+00
   7.3076923e-01   5.3076923e+00   9.0135734e+00
   9.5769231e-01   5.3076923e+00   8.9904641e+00
   1.1846154e+00   5.3076923e+00   9.0222913e+00
   1.4115385e+00   5.3076923e+00   8.9867507e+00
   1.6384615e+00   5.3076923e+00   9.0315471e+00
   1.8653846e+00   5.3076923e+00   8.9881680e+00
   2.0923077e+00   5.3076923e+00   9.0254197e+00
   2.3192308e+00   5.3076923e+00   8.9933119e+00
   2.5461538e+00   5.3076923e+00   9.0197525e+00
   2.7730769e+00   5.3076923e+00   8.9878220e+00
   3.0000000e+00   5.3076923e+00   9.0220694e+00
   5.0000000e-02   6.3846154e+00   5.6175886e+00
   2.7692308e-01   6.3846154e+00   8.7659625e+00
   5.0384615e-01   6.3846154e+00   9.0293714e+00
   7.3076923e-01   6.3846154e+00   9.1016140e+00
   9.5769231e-01   6.3846154e+00   9.0714603e+00
   1.1846154e+00   6.3846154e+00   9.1116662e+00
   1.4115385e+00   6.3846154e+00   9.0673570e+00
   1.6384615e+00   6.3846154e+00   9.1128342e+00
   1.8653846e+00   6.3846154e+00   9.0753543e+00
   2.0923077e+00   6.3846154e+00   9.1040323e+00
   2.3192308e+00   6.3846154e+00   9.0756693e+00
   2.5461538e+00   6.3846154e+00   9.0993933e+00
   2.7730769e+00   6.3846154e+00   9.0762987e+00
   3.0000000e+00   6.3846154e+00   9.1034246e+00
   5.0000000e-02   7.4615385e+00   6.0434538e+00
   2.7692308e-01   7.4615385e+00   8.8732248e+00
   5.0384615e-01   7.4615385e+00   9.0703889e+00
   7.3076923e-01   7.4615385e+00   9.1380730e+00
   9.5769231e-01   7.4615385e+00   9.1146257e+00
   1.1846154e+00   7.4615385e+00   9.1451861e+00
   1.4115385e+00   7.4615385e+00   9.1171570e+00
   1.6384615e+00   7.4615385e+00   9.1413293e+00
   1.8653846e+00   7.4615385e+00   9.1220140e+00
   2.0923077e+00   7.4615385e+00   9.1387311e+00
   2.3192308e+00   7.4615385e+00   9.1246779e+00
   2.5461538e+00   7.4615385e+00   9.1352351e+00
   2.7730769e+00   7.4615385e+00   9.1261781e+00
   3.0000000e+00   7.4615385e+00   9.1386572e+00
   5.0000000e-02   8.5384615e+00   6.3447998e+00
   2.7692308e-01   8.5384615e+00   8.9521606e+00
   5.0384615e-01   8.5384615e+00   9.1150743e+00
   7.3076923e-01   8.5384615e+00   9.1610325e+00
   9.5769231e-01   8.5384615e+00   9.1357185e+00
   1.1846154e+00   8.5384615e+00   9.1593728e+00
   1.4115385e+00   8.5384615e+00   9.1368300e+00
   1.6384615e+00   8.5384615e+00   9.1610925e+00
   1.8653846e+00   8.5384615e+00   9.1453731e+00
   2.0923077e+00   8.5384615e+00   9.1605100e+00
   2.3192308e+00   8.5384615e+00   9.1447356e+00
   2.5461538e+00   8.5384615e+00   9.1540163e+00
   2.7730769e+00   8.5384615e+00   9.1464526e+00
   3.0000000e+00   8.5384615e+00   9.1477336e+00
   5.0000000e-02   9.6153846e+00   6.6486894e+00
   2.7692308e-01   9.6153846e+00   9.0209028e+00
   5.0384615e-01   9.6153846e+00   9.1388516e+00
   7.3076923e-01   9.6153846e+00   9.1726551e+00
   9.5769231e-01   9.6153846e+00   9.1514239e+00
   1.1846154e+00   9.6153846e+00   9.1705220e+00
   1.4115385e+00   9.6153846e+00   9.1560697e+00
   1.6384615e+00   9.6153846e+00   9.1715460e+00
   1.8653846e+00   9.6153846e+00   9.1587295e+00
   2.0923077e+00   9.6153846e+00   9.1684503e+00
   2.3192308e+00   9.6153846e+00   9.1600321e+00
   2.5461538e+00   9.6153846e+00   9.1693432e+00
   2.7730769e+00   9.6153846e+00   9.1696325e+00
   3.0000000e+00   9.6153846e+00   9.1642571e+00
   5.0000000e-02   1.0692308e+01   6.8716928e+00
   2.7692308e-01   1.0692308e+01   9.0633280e+00
   5.0384615e-01   1.0692308e+01   9.1531383e+00
   7.3076923e-01   1.0692308e+01   9.1769801e+00
   9.5769231e-01   1.0692308e+01   9.1579515e+00
   1.1846154e+00   1.0692308e+01   9.1789153e+00
   1.4115385e+00   1.0692308e+01   9.1642006e+00
   1.6384615e+00   1.0692308e+01   9.1742294e+00
   1.8653846e+00   1.0692308e+01   9.1646735e+00
   2.0923077e+00   1.0692308e+01   9.1734094e+00
   2.3192308e+00   1.0692308e+01   9.1700269e+00
   2.5461538e+00   1.0692308e+01   9.1703378e+00
   2.7730769e+00   1.0692308e+01   9.1774838e+00
   3.0000000e+00   1.0692308e+01   9.1744390e+00
   5.0000000e-02   1.1769231e+01   7.1216220e+00
   2.7692308e-01   1.1769231e+01   9.0868097e+00
   5.0384615e-01   1.1769231e+01   9.1604262e+00
   7.3076923e-01   1.1769231e+01   9.1787763e+00
   9.5769231e-01   1.1769231e+01   9.1662270e+00
   1.1846154e+00   1.1769231e+01   9.1807919e+00
   1.4115385e+00   1.1769231e+01   9.1733193e+00
   1.6384615e+00   1.1769231e+01   9.1768970e+00
   1.8653846e+00   1.1769231e+01   9.1737528e+00
   2.0923077e+00   1.1769231e+01   9.1790007e+00
   2.3192308e+00   1.1769231e+01   9.1766186e+00
   2.5461538e+00   1.1769231e+01   9.1763814e+00
   2.7730769e+00   1.1769231e+01   9.1728533e+00
   3.0000000e+00   1.1769231e+01   9.1751434e+00
   5.0000000e-02   1.2846154e+01   7.3047242e+00
   2.7692308e-01   1.2846154e+01   9.1031026e+00
   5.0384615e-01   1.2846154e+01   9.1685822e+00
   7.3076923e-01   1.2846154e+01   9.1843114e+00
   9.5769231e-01   1.2846154e+01   9.1742698e+00
   1.1846154e+00   1.2846154e+01   9.1830687e+00
   1.4115385e+00   1.2846154e+01   9.1737505e+00
   1.6384615e+00   1.2846154e+01   9.1823912e+00
   1.8653846e+00   1.2846154e+01   9.1768819e+00
   2.0923077e+00   1.2846154e+01   9.1851755e+00
   2.3192308e+00   1.2846154e+01   9.1816176e+00
   2.5461538e+00   1.2846154e+01   9.1775316e+00
   2.7730769e+00   1.2846154e+01   9.1834144e+00
   3.0000000e+00   1.2846154e+01   9.1818727e+00
   5.0000000e-02   1.3923077e+01   7.4786890e+00
   2.7692308e-01   1.3923077e+01   9.1219036e+00
   5.0384615e-01   1.3923077e+01   9.1752582e+00
   7.3076923e-01   1.3923077e+01   9.1854006e+00
   9.5769231e-01   1.3923077e+01   9.1817298e+00
   1.1846154e+00   1.3923077e+01   9.1890984e+00
   1.4115385e+00   1.3923077e+01   9.1798426e+00
   1.6384615e+00   1.3923077e+01   9.1792764e+00
   1.8653846e+00   1.3923077e+01   9.1854287e+00
   2.0923077e+00   1.3923077e+01   9.1834295e+00
   2.3192308e+00   1.3923077e+01   9.1827507e+00
   2.5461538e+00   1.3923077e+01   9.1805307e+00
   2.7730769e+00   1.3923077e+01   9.1867785e+00
   3.0000000e+00   1.3923077e+01   9.1836010e+00
   5.0000000e-02   1.5000000e+01   7.6653518e+00
   2.7692308e-01   1.5000000e+01   9.1207244e+00
   5.0384615e-01   1.5000000e+01   9.1778127e+00
   7.3076923e-01   1.5000000e+01   9.1850885e+00
   9.5769231e-01   1.5000000e+01   9.1840333e+00
   1.1846154e+00   1.5000000e+01   9.1851114e+00
   1.4115385e+00   1.5000000e+01   9.1870354e+00
   1.6384615e+00   1.5000000e+01   9.1872952e+00
   1.8653846e+00   1.5000000e+01   9.1852595e+00
   2.0923077e+00   1.5000000e+01   9.1839366e+00
   2.3192308e+00   1.5000000e+01   9.1849877e+00
   2.5461538e+00   1.5000000e+01   9.1831869e+00
   2.7730769e+00   1.5000000e+01   9.1883271e+00
   3.0000000e+00   1.5000000e+01   9.1844117e+00
