   1.0000000e+00   5.0000000e+00   9.0319032e+00
   1.1000000e+00   5.0000000e+00   9.0417160e+00
   1.2000000e+00   5.0000000e+00   9.0407842e+00
   1.3000000e+00   5.0000000e+00   9.0320346e+00
   1.4000000e+00   5.0000000e+00   9.0204146e+00
   1.5000000e+00   5.0000000e+00   9.0386917e+00
   1.6000000e+00   5.0000000e+00   9.0508354e+00
   1.7000000e+00   5.0000000e+00   9.0469175e+00
   1.8000000e+00   5.0000000e+00   9.0339351e+00
   1.9000000e+00   5.0000000e+00   9.0298238e+00
   2.0000000e+00   5.0000000e+00   9.0426985e+00
   2.1000000e+00   5.0000000e+00   9.0612924e+00
   2.2000000e+00   5.0000000e+00   9.0295431e+00
   2.3000000e+00   5.0000000e+00   9.0185298e+00
   2.4000000e+00   5.0000000e+00   9.0360979e+00
   2.5000000e+00   5.0000000e+00   9.0374150e+00
   2.6000000e+00   5.0000000e+00   9.0554569e+00
   2.7000000e+00   5.0000000e+00   9.0416571e+00
   2.8000000e+00   5.0000000e+00   9.0207319e+00
   2.9000000e+00   5.0000000e+00   9.0283633e+00
   3.0000000e+00   5.0000000e+00   9.0484011e+00
   1.0000000e+00   5.5000000e+00   9.0676945e+00
   1.1000000e+00   5.5000000e+00   9.0853961e+00
   1.2000000e+00   5.5000000e+00   9.0949251e+00
   1.3000000e+00   5.5000000e+00   9.0771337e+00
   1.4000000e+00   5.5000000e+00   9.0605750e+00
   1.5000000e+00   5.5000000e+00   9.0724702e+00
   1.6000000e+00   5.5000000e+00   9.0958269e+00
   1.7000000e+00   5.5000000e+00   9.0863070e+00
   1.8000000e+00   5.5000000e+00   9.0789275e+00
   1.9000000e+00   5.5000000e+00   9.0648044e+00
   2.0000000e+00   5.5000000e+00   9.0848672e+00
   2.1000000e+00   5.5000000e+00   9.0988644e+00
   2.2000000e+00   5.5000000e+00   9.0910260e+00
   2.3000000e+00   5.5000000e+00   9.0713446e+00
   2.4000000e+00   5.5000000e+00   9.0713439e+00
   2.5000000e+00   5.5000000e+00   9.0806392e+00
   2.6000000e+00   5.5000000e+00   9.0950046e+00
   2.7000000e+00   5.5000000e+00   9.0903604e+00
   2.8000000e+00   5.5000000e+00   9.0671306e+00
   2.9000000e+00   5.5000000e+00   9.0728545e+00
   3.0000000e+00   5.5000000e+00   9.0867944e+00
   1.0000000e+00   6.0000000e+00   9.0911321e+00
   1.1000000e+00   6.0000000e+00   9.1102027e+00
   1.2000000e+00   6.0000000e+00   9.1211215e+00
   1.3000000e+00   6.0000000e+00   9.1077403e+00
   1.4000000e+00   6.0000000e+00   9.0950832e+00
   1.5000000e+00   6.0000000e+00   9.1007370e+00
   1.6000000e+00   6.0000000e+00   9.1179309e+00
   1.7000000e+00   6.0000000e+00   9.1230739e+00
   1.8000000e+00   6.0000000e+00   9.0955164e+00
   1.9000000e+00   6.0000000e+00   9.0935465e+00
   2.0000000e+00   6.0000000e+00   9.1016297e+00
   2.1000000e+00   6.0000000e+00   9.1219489e+00
   2.2000000e+00   6.0000000e+00   9.1131533e+00
   2.3000000e+00   6.0000000e+00   9.1015795e+00
   2.4000000e+00   6.0000000e+00   9.0948439e+00
   2.5000000e+00   6.0000000e+00   9.1003054e+00
   2.6000000e+00   6.0000000e+00   9.1154223e+00
   2.7000000e+00   6.0000000e+00   9.1062981e+00
   2.8000000e+00   6.0000000e+00   9.0921088e+00
   2.9000000e+00   6.0000000e+00   9.0935339e+00
   3.0000000e+00   6.0000000e+00   9.1167007e+00
   1.0000000e+00   6.5000000e+00   9.1155638e+00
   1.1000000e+00   6.5000000e+00   9.1269535e+00
   1.2000000e+00   6.5000000e+00   9.1442867e+00
   1.3000000e+00   6.5000000e+00   9.1313802e+00
   1.4000000e+00   6.5000000e+00   9.1181971e+00
   1.5000000e+00   6.5000000e+00   9.1265551e+00
   1.6000000e+00   6.5000000e+00   9.1434796e+00
   1.7000000e+00   6.5000000e+00   9.1395185e+00
   1.8000000e+00   6.5000000e+00   9.1239629e+00
   1.9000000e+00   6.5000000e+00   9.1183932e+00
   2.0000000e+00   6.5000000e+00   9.1281062e+00
   2.1000000e+00   6.5000000e+00   9.1347209e+00
   2.2000000e+00   6.5000000e+00   9.1360130e+00
   2.3000000e+00   6.5000000e+00   9.1204038e+00
   2.4000000e+00   6.5000000e+00   9.1128952e+00
   2.5000000e+00   6.5000000e+00   9.1285540e+00
   2.6000000e+00   6.5000000e+00   9.1413151e+00
   2.7000000e+00   6.5000000e+00   9.1321656e+00
   2.8000000e+00   6.5000000e+00   9.1116200e+00
   2.9000000e+00   6.5000000e+00   9.1182842e+00
   3.0000000e+00   6.5000000e+00   9.1345382e+00
   1.0000000e+00   7.0000000e+00   9.1325395e+00
   1.1000000e+00   7.0000000e+00   9.1503518e+00
   1.2000000e+00   7.0000000e+00   9.1557938e+00
   1.3000000e+00   7.0000000e+00   9.1498899e+00
   1.4000000e+00   7.0000000e+00   9.1373099e+00
   1.5000000e+00   7.0000000e+00   9.1464888e+00
   1.6000000e+00   7.0000000e+00   9.1511060e+00
   1.7000000e+00   7.0000000e+00   9.1593295e+00
   1.8000000e+00   7.0000000e+00   9.1505323e+00
   1.9000000e+00   7.0000000e+00   9.1379590e+00
   2.0000000e+00   7.0000000e+00   9.1490551e+00
   2.1000000e+00   7.0000000e+00   9.1550774e+00
   2.2000000e+00   7.0000000e+00   9.1565653e+00
   2.3000000e+00   7.0000000e+00   9.1426204e+00
   2.4000000e+00   7.0000000e+00   9.1418587e+00
   2.5000000e+00   7.0000000e+00   9.1492460e+00
   2.6000000e+00   7.0000000e+00   9.1571008e+00
   2.7000000e+00   7.0000000e+00   9.1494945e+00
   2.8000000e+00   7.0000000e+00   9.1363522e+00
   2.9000000e+00   7.0000000e+00   9.1395038e+00
   3.0000000e+00   7.0000000e+00   9.1513347e+00
   1.0000000e+00   7.5000000e+00   9.1519543e+00
   1.1000000e+00   7.5000000e+00   9.1581685e+00
   1.2000000e+00   7.5000000e+00   9.1646147e+00
   1.3000000e+00   7.5000000e+00   9.1623474e+00
   1.4000000e+00   7.5000000e+00   9.1497074e+00
   1.5000000e+00   7.5000000e+00   9.1584854e+00
   1.6000000e+00   7.5000000e+00   9.1565863e+00
   1.7000000e+00   7.5000000e+00   9.1676078e+00
   1.8000000e+00   7.5000000e+00   9.1605281e+00
   1.9000000e+00   7.5000000e+00   9.1492008e+00
   2.0000000e+00   7.5000000e+00   9.1529415e+00
   2.1000000e+00   7.5000000e+00   9.1677059e+00
   2.2000000e+00   7.5000000e+00   9.1682762e+00
   2.3000000e+00   7.5000000e+00   9.1529624e+00
   2.4000000e+00   7.5000000e+00   9.1454922e+00
   2.5000000e+00   7.5000000e+00   9.1629437e+00
   2.6000000e+00   7.5000000e+00   9.1678941e+00
   2.7000000e+00   7.5000000e+00   9.1697740e+00
   2.8000000e+00   7.5000000e+00   9.1551258e+00
   2.9000000e+00   7.5000000e+00   9.1536194e+00
   3.0000000e+00   7.5000000e+00   9.1606124e+00
   1.0000000e+00   8.0000000e+00   9.1521634e+00
   1.1000000e+00   8.0000000e+00   9.1655016e+00
   1.2000000e+00   8.0000000e+00   9.1732523e+00
   1.3000000e+00   8.0000000e+00   9.1717454e+00
   1.4000000e+00   8.0000000e+00   9.1569953e+00
   1.5000000e+00   8.0000000e+00   9.1567684e+00
   1.6000000e+00   8.0000000e+00   9.1642468e+00
   1.7000000e+00   8.0000000e+00   9.1738670e+00
   1.8000000e+00   8.0000000e+00   9.1694071e+00
   1.9000000e+00   8.0000000e+00   9.1537323e+00
   2.0000000e+00   8.0000000e+00   9.1639969e+00
   2.1000000e+00   8.0000000e+00   9.1665078e+00
   2.2000000e+00   8.0000000e+00   9.1723119e+00
   2.3000000e+00   8.0000000e+00   9.1605989e+00
   2.4000000e+00   8.0000000e+00   9.1573045e+00
   2.5000000e+00   8.0000000e+00   9.1603916e+00
   2.6000000e+00   8.0000000e+00   9.1727416e+00
   2.7000000e+00   8.0000000e+00   9.1672836e+00
   2.8000000e+00   8.0000000e+00   9.1580292e+00
   2.9000000e+00   8.0000000e+00   9.1542444e+00
   3.0000000e+00   8.0000000e+00   9.1651771e+00
   1.0000000e+00   8.5000000e+00   9.1563314e+00
   1.1000000e+00   8.5000000e+00   9.1649184e+00
   1.2000000e+00   8.5000000e+00   9.1702929e+00
   1.3000000e+00   8.5000000e+00   9.1723148e+00
   1.4000000e+00   8.5000000e+00   9.1600888e+00
   1.5000000e+00   8.5000000e+00   9.1558448e+00
   1.6000000e+00   8.5000000e+00   9.1626469e+00
   1.7000000e+00   8.5000000e+00   9.1712342e+00
   1.8000000e+00   8.5000000e+00   9.1646668e+00
   1.9000000e+00   8.5000000e+00   9.1563467e+00
   2.0000000e+00   8.5000000e+00   9.1569117e+00
   2.1000000e+00   8.5000000e+00   9.1677961e+00
   2.2000000e+00   8.5000000e+00   9.1677644e+00
   2.3000000e+00   8.5000000e+00   9.1669150e+00
   2.4000000e+00   8.5000000e+00   9.1542788e+00
   2.5000000e+00   8.5000000e+00   9.1600862e+00
   2.6000000e+00   8.5000000e+00   9.1744658e+00
   2.7000000e+00   8.5000000e+00   9.1720548e+00
   2.8000000e+00   8.5000000e+00   9.1640060e+00
   2.9000000e+00   8.5000000e+00   9.1506796e+00
   3.0000000e+00   8.5000000e+00   9.1628169e+00
   1.0000000e+00   9.0000000e+00   9.1551305e+00
   1.1000000e+00   9.0000000e+00   9.1591996e+00
   1.2000000e+00   9.0000000e+00   9.1718860e+00
   1.3000000e+00   9.0000000e+00   9.1719759e+00
   1.4000000e+00   9.0000000e+00   9.1606775e+00
   1.5000000e+00   9.0000000e+00   9.1580230e+00
   1.6000000e+00   9.0000000e+00   9.1660572e+00
   1.7000000e+00   9.0000000e+00   9.1677676e+00
   1.8000000e+00   9.0000000e+00   9.1707188e+00
   1.9000000e+00   9.0000000e+00   9.1568263e+00
   2.0000000e+00   9.0000000e+00   9.1563343e+00
   2.1000000e+00   9.0000000e+00   9.1660382e+00
   2.2000000e+00   9.0000000e+00   9.1748847e+00
   2.3000000e+00   9.0000000e+00   9.1652417e+00
   2.4000000e+00   9.0000000e+00   9.1509568e+00
   2.5000000e+00   9.0000000e+00   9.1605284e+00
   2.6000000e+00   9.0000000e+00   9.1684837e+00
   2.7000000e+00   9.0000000e+00   9.1723144e+00
   2.8000000e+00   9.0000000e+00   9.1667030e+00
   2.9000000e+00   9.0000000e+00   9.1594311e+00
   3.0000000e+00   9.0000000e+00   9.1656211e+00
   1.0000000e+00   9.5000000e+00   9.1501121e+00
   1.1000000e+00   9.5000000e+00   9.1624545e+00
   1.2000000e+00   9.5000000e+00   9.1708119e+00
   1.3000000e+00   9.5000000e+00   9.1750254e+00
   1.4000000e+00   9.5000000e+00   9.1634309e+00
   1.5000000e+00   9.5000000e+00   9.1537728e+00
   1.6000000e+00   9.5000000e+00   9.1635496e+00
   1.7000000e+00   9.5000000e+00   9.1715533e+00
   1.8000000e+00   9.5000000e+00   9.1680763e+00
   1.9000000e+00   9.5000000e+00   9.1561739e+00
   2.0000000e+00   9.5000000e+00   9.1559782e+00
   2.1000000e+00   9.5000000e+00   9.1675950e+00
   2.2000000e+00   9.5000000e+00   9.1768028e+00
   2.3000000e+00   9.5000000e+00   9.1709097e+00
   2.4000000e+00   9.5000000e+00   9.1562174e+00
   2.5000000e+00   9.5000000e+00   9.1615751e+00
   2.6000000e+00   9.5000000e+00   9.1695988e+00
   2.7000000e+00   9.5000000e+00   9.1776254e+00
   2.8000000e+00   9.5000000e+00   9.1606561e+00
   2.9000000e+00   9.5000000e+00   9.1558424e+00
   3.0000000e+00   9.5000000e+00   9.1596352e+00
   1.0000000e+00   1.0000000e+01   9.1625103e+00
   1.1000000e+00   1.0000000e+01   9.1685724e+00
   1.2000000e+00   1.0000000e+01   9.1756783e+00
   1.3000000e+00   1.0000000e+01   9.1771711e+00
   1.4000000e+00   1.0000000e+01   9.1668707e+00
   1.5000000e+00   1.0000000e+01   9.1600207e+00
   1.6000000e+00   1.0000000e+01   9.1672468e+00
   1.7000000e+00   1.0000000e+01   9.1759703e+00
   1.8000000e+00   1.0000000e+01   9.1706227e+00
   1.9000000e+00   1.0000000e+01   9.1593086e+00
   2.0000000e+00   1.0000000e+01   9.1650384e+00
   2.1000000e+00   1.0000000e+01   9.1686062e+00
   2.2000000e+00   1.0000000e+01   9.1753921e+00
   2.3000000e+00   1.0000000e+01   9.1704805e+00
   2.4000000e+00   1.0000000e+01   9.1622472e+00
   2.5000000e+00   1.0000000e+01   9.1624725e+00
   2.6000000e+00   1.0000000e+01   9.1754733e+00
   2.7000000e+00   1.0000000e+01   9.1730840e+00
   2.8000000e+00   1.0000000e+01   9.1670890e+00
   2.9000000e+00   1.0000000e+01   9.1559851e+00
   3.0000000e+00   1.0000000e+01   9.1637129e+00
   1.0000000e+00   1.0500000e+01   9.1716610e+00
   1.1000000e+00   1.0500000e+01   9.1770547e+00
   1.2000000e+00   1.0500000e+01   9.1791092e+00
   1.3000000e+00   1.0500000e+01   9.1806744e+00
   1.4000000e+00   1.0500000e+01   9.1762129e+00
   1.5000000e+00   1.0500000e+01   9.1704137e+00
   1.6000000e+00   1.0500000e+01   9.1765612e+00
   1.7000000e+00   1.0500000e+01   9.1842051e+00
   1.8000000e+00   1.0500000e+01   9.1831356e+00
   1.9000000e+00   1.0500000e+01   9.1725043e+00
   2.0000000e+00   1.0500000e+01   9.1651046e+00
   2.1000000e+00   1.0500000e+01   9.1738797e+00
   2.2000000e+00   1.0500000e+01   9.1817929e+00
   2.3000000e+00   1.0500000e+01   9.1794825e+00
   2.4000000e+00   1.0500000e+01   9.1674855e+00
   2.5000000e+00   1.0500000e+01   9.1688336e+00
   2.6000000e+00   1.0500000e+01   9.1761481e+00
   2.7000000e+00   1.0500000e+01   9.1781861e+00
   2.8000000e+00   1.0500000e+01   9.1790379e+00
   2.9000000e+00   1.0500000e+01   9.1673040e+00
   3.0000000e+00   1.0500000e+01   9.1737473e+00
   1.0000000e+00   1.1000000e+01   9.1701414e+00
   1.1000000e+00   1.1000000e+01   9.1709452e+00
   1.2000000e+00   1.1000000e+01   9.1826240e+00
   1.3000000e+00   1.1000000e+01   9.1870896e+00
   1.4000000e+00   1.1000000e+01   9.1758622e+00
   1.5000000e+00   1.1000000e+01   9.1711529e+00
   1.6000000e+00   1.1000000e+01   9.1748765e+00
   1.7000000e+00   1.1000000e+01   9.1808812e+00
   1.8000000e+00   1.1000000e+01   9.1829624e+00
   1.9000000e+00   1.1000000e+01   9.1730617e+00
   2.0000000e+00   1.1000000e+01   9.1716309e+00
   2.1000000e+00   1.1000000e+01   9.1759684e+00
   2.2000000e+00   1.1000000e+01   9.1838168e+00
   2.3000000e+00   1.1000000e+01   9.1804026e+00
   2.4000000e+00   1.1000000e+01   9.1695896e+00
   2.5000000e+00   1.1000000e+01   9.1751071e+00
   2.6000000e+00   1.1000000e+01   9.1786892e+00
   2.7000000e+00   1.1000000e+01   9.1794900e+00
   2.8000000e+00   1.1000000e+01   9.1774536e+00
   2.9000000e+00   1.1000000e+01   9.1744631e+00
   3.0000000e+00   1.1000000e+01   9.1768262e+00
   1.0000000e+00   1.1500000e+01   9.1710208e+00
   1.1000000e+00   1.1500000e+01   9.1744652e+00
   1.2000000e+00   1.1500000e+01   9.1852363e+00
   1.3000000e+00   1.1500000e+01   9.1842277e+00
   1.4000000e+00   1.1500000e+01   9.1743651e+00
   1.5000000e+00   1.1500000e+01   9.1751123e+00
   1.6000000e+00   1.1500000e+01   9.1804329e+00
   1.7000000e+00   1.1500000e+01   9.1826043e+00
   1.8000000e+00   1.1500000e+01   9.1861323e+00
   1.9000000e+00   1.1500000e+01   9.1776551e+00
   2.0000000e+00   1.1500000e+01   9.1777137e+00
   2.1000000e+00   1.1500000e+01   9.1805385e+00
   2.2000000e+00   1.1500000e+01   9.1808096e+00
   2.3000000e+00   1.1500000e+01   9.1830230e+00
   2.4000000e+00   1.1500000e+01   9.1712102e+00
   2.5000000e+00   1.1500000e+01   9.1747894e+00
   2.6000000e+00   1.1500000e+01   9.1778340e+00
   2.7000000e+00   1.1500000e+01   9.1839766e+00
   2.8000000e+00   1.1500000e+01   9.1775846e+00
   2.9000000e+00   1.1500000e+01   9.1709581e+00
   3.0000000e+00   1.1500000e+01   9.1743586e+00
   1.0000000e+00   1.2000000e+01   9.1753146e+00
   1.1000000e+00   1.2000000e+01   9.1780231e+00
   1.2000000e+00   1.2000000e+01   9.1837116e+00
   1.3000000e+00   1.2000000e+01   9.1815809e+00
   1.4000000e+00   1.2000000e+01   9.1760437e+00
   1.5000000e+00   1.2000000e+01   9.1742725e+00
   1.6000000e+00   1.2000000e+01   9.1814208e+00
   1.7000000e+00   1.2000000e+01   9.1856484e+00
   1.8000000e+00   1.2000000e+01   9.1855038e+00
   1.9000000e+00   1.2000000e+01   9.1787353e+00
   2.0000000e+00   1.2000000e+01   9.1740838e+00
   2.1000000e+00   1.2000000e+01   9.1820993e+00
   2.2000000e+00   1.2000000e+01   9.1826191e+00
   2.3000000e+00   1.2000000e+01   9.1863884e+00
   2.4000000e+00   1.2000000e+01   9.1680213e+00
   2.5000000e+00   1.2000000e+01   9.1736859e+00
   2.6000000e+00   1.2000000e+01   9.1792295e+00
   2.7000000e+00   1.2000000e+01   9.1878239e+00
   2.8000000e+00   1.2000000e+01   9.1811151e+00
   2.9000000e+00   1.2000000e+01   9.1737919e+00
   3.0000000e+00   1.2000000e+01   9.1797679e+00
   1.0000000e+00   1.2500000e+01   9.1778807e+00
   1.1000000e+00   1.2500000e+01   9.1805496e+00
   1.2000000e+00   1.2500000e+01   9.1859716e+00
   1.3000000e+00   1.2500000e+01   9.1872628e+00
   1.4000000e+00   1.2500000e+01   9.1835356e+00
   1.5000000e+00   1.2500000e+01   9.1785231e+00
   1.6000000e+00   1.2500000e+01   9.1809381e+00
   1.7000000e+00   1.2500000e+01   9.1848543e+00
   1.8000000e+00   1.2500000e+01   9.1891687e+00
   1.9000000e+00   1.2500000e+01   9.1817235e+00
   2.0000000e+00   1.2500000e+01   9.1800970e+00
   2.1000000e+00   1.2500000e+01   9.1820222e+00
   2.2000000e+00   1.2500000e+01   9.1864267e+00
   2.3000000e+00   1.2500000e+01   9.1846936e+00
   2.4000000e+00   1.2500000e+01   9.1790525e+00
   2.5000000e+00   1.2500000e+01   9.1778324e+00
   2.6000000e+00   1.2500000e+01   9.1862771e+00
   2.7000000e+00   1.2500000e+01   9.1877578e+00
   2.8000000e+00   1.2500000e+01   9.1875904e+00
   2.9000000e+00   1.2500000e+01   9.1783372e+00
   3.0000000e+00   1.2500000e+01   9.1815567e+00
   1.0000000e+00   1.3000000e+01   9.1785737e+00
   1.1000000e+00   1.3000000e+01   9.1838305e+00
   1.2000000e+00   1.3000000e+01   9.1860842e+00
   1.3000000e+00   1.3000000e+01   9.1884813e+00
   1.4000000e+00   1.3000000e+01   9.1881023e+00
   1.5000000e+00   1.3000000e+01   9.1787338e+00
   1.6000000e+00   1.3000000e+01   9.1855310e+00
   1.7000000e+00   1.3000000e+01   9.1899098e+00
   1.8000000e+00   1.3000000e+01   9.1883480e+00
   1.9000000e+00   1.3000000e+01   9.1850223e+00
   2.0000000e+00   1.3000000e+01   9.1792114e+00
   2.1000000e+00   1.3000000e+01   9.1837221e+00
   2.2000000e+00   1.3000000e+01   9.1906779e+00
   2.3000000e+00   1.3000000e+01   9.1883253e+00
   2.4000000e+00   1.3000000e+01   9.1815309e+00
   2.5000000e+00   1.3000000e+01   9.1838180e+00
   2.6000000e+00   1.3000000e+01   9.1839987e+00
   2.7000000e+00   1.3000000e+01   9.1900797e+00
   2.8000000e+00   1.3000000e+01   9.1903339e+00
   2.9000000e+00   1.3000000e+01   9.1789155e+00
   3.0000000e+00   1.3000000e+01   9.1821268e+00
   1.0000000e+00   1.3500000e+01   9.1814927e+00
   1.1000000e+00   1.3500000e+01   9.1845639e+00
   1.2000000e+00   1.3500000e+01   9.1875033e+00
   1.3000000e+00   1.3500000e+01   9.1912206e+00
   1.4000000e+00   1.3500000e+01   9.1888249e+00
   1.5000000e+00   1.3500000e+01   9.1804237e+00
   1.6000000e+00   1.3500000e+01   9.1822896e+00
   1.7000000e+00   1.3500000e+01   9.1865103e+00
   1.8000000e+00   1.3500000e+01   9.1921529e+00
   1.9000000e+00   1.3500000e+01   9.1875752e+00
   2.0000000e+00   1.3500000e+01   9.1814325e+00
   2.1000000e+00   1.3500000e+01   9.1860280e+00
   2.2000000e+00   1.3500000e+01   9.1882437e+00
   2.3000000e+00   1.3500000e+01   9.1900633e+00
   2.4000000e+00   1.3500000e+01   9.1815386e+00
   2.5000000e+00   1.3500000e+01   9.1851955e+00
   2.6000000e+00   1.3500000e+01   9.1840563e+00
   2.7000000e+00   1.3500000e+01   9.1928260e+00
   2.8000000e+00   1.3500000e+01   9.1858933e+00
   2.9000000e+00   1.3500000e+01   9.1816310e+00
   3.0000000e+00   1.3500000e+01   9.1838643e+00
   1.0000000e+00   1.4000000e+01   9.1829408e+00
   1.1000000e+00   1.4000000e+01   9.1841553e+00
   1.2000000e+00   1.4000000e+01   9.1899370e+00
   1.3000000e+00   1.4000000e+01   9.1901192e+00
   1.4000000e+00   1.4000000e+01   9.1874188e+00
   1.5000000e+00   1.4000000e+01   9.1805109e+00
   1.6000000e+00   1.4000000e+01   9.1860656e+00
   1.7000000e+00   1.4000000e+01   9.1910408e+00
   1.8000000e+00   1.4000000e+01   9.1897815e+00
   1.9000000e+00   1.4000000e+01   9.1876258e+00
   2.0000000e+00   1.4000000e+01   9.1792412e+00
   2.1000000e+00   1.4000000e+01   9.1879022e+00
   2.2000000e+00   1.4000000e+01   9.1922034e+00
   2.3000000e+00   1.4000000e+01   9.1890418e+00
   2.4000000e+00   1.4000000e+01   9.1851723e+00
   2.5000000e+00   1.4000000e+01   9.1833711e+00
   2.6000000e+00   1.4000000e+01   9.1875360e+00
   2.7000000e+00   1.4000000e+01   9.1884898e+00
   2.8000000e+00   1.4000000e+01   9.1872775e+00
   2.9000000e+00   1.4000000e+01   9.1786027e+00
   3.0000000e+00   1.4000000e+01   9.1882750e+00
   1.0000000e+00   1.4500000e+01   9.1854965e+00
   1.1000000e+00   1.4500000e+01   9.1889379e+00
   1.2000000e+00   1.4500000e+01   9.1908845e+00
   1.3000000e+00   1.4500000e+01   9.1925290e+00
   1.4000000e+00   1.4500000e+01   9.1899152e+00
   1.5000000e+00   1.4500000e+01   9.1836782e+00
   1.6000000e+00   1.4500000e+01   9.1852035e+00
   1.7000000e+00   1.4500000e+01   9.1920568e+00
   1.8000000e+00   1.4500000e+01   9.1898259e+00
   1.9000000e+00   1.4500000e+01   9.1868137e+00
   2.0000000e+00   1.4500000e+01   9.1858640e+00
   2.1000000e+00   1.4500000e+01   9.1861331e+00
   2.2000000e+00   1.4500000e+01   9.1914807e+00
   2.3000000e+00   1.4500000e+01   9.1942461e+00
   2.4000000e+00   1.4500000e+01   9.1810779e+00
   2.5000000e+00   1.4500000e+01   9.1838147e+00
   2.6000000e+00   1.4500000e+01   9.1874711e+00
   2.7000000e+00   1.4500000e+01   9.1913364e+00
   2.8000000e+00   1.4500000e+01   9.1917350e+00
   2.9000000e+00   1.4500000e+01   9.1858641e+00
   3.0000000e+00   1.4500000e+01   9.1868367e+00
   1.0000000e+00   1.5000000e+01   9.1879142e+00
   1.1000000e+00   1.5000000e+01   9.1905174e+00
   1.2000000e+00   1.5000000e+01   9.1909251e+00
   1.3000000e+00   1.5000000e+01   9.1926439e+00
   1.4000000e+00   1.5000000e+01   9.1912140e+00
   1.5000000e+00   1.5000000e+01   9.1868353e+00
   1.6000000e+00   1.5000000e+01   9.1875050e+00
   1.7000000e+00   1.5000000e+01   9.1905061e+00
   1.8000000e+00   1.5000000e+01   9.1945290e+00
   1.9000000e+00   1.5000000e+01   9.1909800e+00
   2.0000000e+00   1.5000000e+01   9.1867315e+00
   2.1000000e+00   1.5000000e+01   9.1926550e+00
   2.2000000e+00   1.5000000e+01   9.1947413e+00
   2.3000000e+00   1.5000000e+01   9.1921317e+00
   2.4000000e+00   1.5000000e+01   9.1846950e+00
   2.5000000e+00   1.5000000e+01   9.1875715e+00
   2.6000000e+00   1.5000000e+01   9.1927401e+00
   2.7000000e+00   1.5000000e+01   9.1967826e+00
   2.8000000e+00   1.5000000e+01   9.1913842e+00
   2.9000000e+00   1.5000000e+01   9.1871904e+00
   3.0000000e+00   1.5000000e+01   9.1873389e+00
