 1.40066788e+00
 5.16699643e+00
 5.98093774e+00
 6.36421085e+00
 6.13652256e+00
 6.34990276e+00
 6.11408451e+00
 6.36077912e+00
 6.14323881e+00
 6.36868715e+00
 6.19021573e+00
 6.32192421e+00
 6.20987142e+00
 6.32349722e+00
 2.99448171e+00
 6.80756428e+00
 7.55219096e+00
 7.87096488e+00
 7.77240554e+00
 7.87754188e+00
 7.75550046e+00
 7.87195974e+00
 7.78660528e+00
 7.86747853e+00
 7.78682576e+00
 7.83500996e+00
 7.79890502e+00
 7.85112873e+00
 3.96259791e+00
 7.65140681e+00
 8.24537322e+00
 8.45428551e+00
 8.42700099e+00
 8.46023717e+00
 8.44241747e+00
 8.46769914e+00
 8.44059809e+00
 8.46108761e+00
 8.43330094e+00
 8.46523306e+00
 8.45021762e+00
 8.45185319e+00
 4.65981712e+00
 8.11291850e+00
 8.62780377e+00
 8.73593281e+00
 8.74354363e+00
 8.76325008e+00
 8.72229148e+00
 8.76521705e+00
 8.71273471e+00
 8.77360212e+00
 8.72737765e+00
 8.77880829e+00
 8.73428984e+00
 8.77972338e+00
 5.18263469e+00
 8.41941926e+00
 8.82435270e+00
 8.93821939e+00
 8.92012928e+00
 8.96689187e+00
 8.90791753e+00
 8.96323101e+00
 8.90175324e+00
 8.97061108e+00
 8.90931345e+00
 8.96714319e+00
 8.90696726e+00
 8.96649305e+00
 5.60632519e+00
 8.62668606e+00
 8.96382832e+00
 9.06131266e+00
 9.01700949e+00
 9.06891690e+00
 9.01146373e+00
 9.08205321e+00
 9.01423751e+00
 9.06892859e+00
 9.01400751e+00
 9.06704413e+00
 9.02905869e+00
 9.06457145e+00
 5.97971093e+00
 8.79508945e+00
 9.03277182e+00
 9.11933270e+00
 9.06011091e+00
 9.11585805e+00
 9.06826889e+00
 9.12366661e+00
 9.07854900e+00
 9.11727302e+00
 9.08295188e+00
 9.11123331e+00
 9.08138759e+00
 9.10270038e+00
 6.27703542e+00
 8.88991776e+00
 9.07939291e+00
 9.14021582e+00
 9.09758445e+00
 9.13780693e+00
 9.10033258e+00
 9.14339820e+00
 9.10928437e+00
 9.13821680e+00
 9.12018279e+00
 9.13388050e+00
 9.12457277e+00
 9.12866900e+00
 6.53915120e+00
 8.97299789e+00
 9.10959354e+00
 9.15626815e+00
 9.12020236e+00
 9.15365460e+00
 9.12394362e+00
 9.15408811e+00
 9.13316186e+00
 9.14978622e+00
 9.14285372e+00
 9.15028758e+00
 9.14335248e+00
 9.14629192e+00
 6.76529952e+00
 9.02429105e+00
 9.11526729e+00
 9.16997737e+00
 9.13548107e+00
 9.16675697e+00
 9.14072165e+00
 9.16462413e+00
 9.15312881e+00
 9.16028002e+00
 9.14711138e+00
 9.15738286e+00
 9.15737351e+00
 9.15736959e+00
 6.98388487e+00
 9.05491059e+00
 9.12599633e+00
 9.16852239e+00
 9.14631901e+00
 9.16830354e+00
 9.15453636e+00
 9.16475680e+00
 9.15342970e+00
 9.16210005e+00
 9.16083574e+00
 9.15995716e+00
 9.16387866e+00
 9.15594998e+00
 7.16493537e+00
 9.06054280e+00
 9.12933513e+00
 9.17212683e+00
 9.15147401e+00
 9.16910577e+00
 9.15752273e+00
 9.16909106e+00
 9.16006371e+00
 9.17155070e+00
 9.16992867e+00
 9.16098904e+00
 9.17335341e+00
 9.16311430e+00
 7.35189861e+00
 9.07755441e+00
 9.14095983e+00
 9.17345079e+00
 9.15843553e+00
 9.17357636e+00
 9.16626646e+00
 9.17017594e+00
 9.17257498e+00
 9.16677567e+00
 9.17015542e+00
 9.16695550e+00
 9.17394631e+00
 9.16289953e+00
 7.47465044e+00
 9.09358016e+00
 9.15589487e+00
 9.17838410e+00
 9.16529155e+00
 9.17115883e+00
 9.16731002e+00
 9.17297914e+00
 9.17114392e+00
 9.17044637e+00
 9.17466689e+00
 9.16692434e+00
 9.17978371e+00
 9.16156837e+00
