   1.4006678842773255     
   5.1669964304785614     
   5.9809377407530544     
   6.3642108514852440     
   6.1365225568637989     
   6.3499027626712330     
   6.1140845135072635     
   6.3607791231706035     
   6.1432388052838380     
   6.3686871519257080     
   6.1902157322651057     
   6.3219242120191668     
   6.2098714166256315     
   6.3234972169095993     
   2.9944817145736762     
   6.8075642751221430     
   7.5521909566974115     
   7.8709648750659786     
   7.7724055381535120     
   7.8775418829979023     
   7.7555004640950980     
   7.8719597379576411     
   7.7866052810089981     
   7.8674785270118690     
   7.7868257615537049     
   7.8350099580367170     
   7.7989050215744182     
   7.8511287300087291     
   3.9625979073533326     
   7.6514068133607278     
   8.2453732166766596     
   8.4542855075460448     
   8.4270009917655582     
   8.4602371689568194     
   8.4424174712634166     
   8.4676991393475198     
   8.4405980860490892     
   8.4610876104354098     
   8.4333009396703229     
   8.4652330564369827     
   8.4502176246287366     
   8.4518531919412467     
   4.6598171200808425     
   8.1129185008051223     
   8.6278037679697110     
   8.7359328061775781     
   8.7435436339420498     
   8.7632500838621166     
   8.7222914806878844     
   8.7652170461063541     
   8.7127347140139886     
   8.7736021221549816     
   8.7273776541642842     
   8.7788082922802477     
   8.7342898357979095     
   8.7797233804634871     
   5.1826346915532593     
   8.4194192610780423     
   8.8243527025017325     
   8.9382193921710211     
   8.9201292845844051     
   8.9668918650184608     
   8.9079175253332874     
   8.9632310099628008     
   8.9017532376403654     
   8.9706110822523257     
   8.9093134459194392     
   8.9671431916268212     
   8.9069672563149442     
   8.9664930509747389     
   5.6063251855748435     
   8.6266860637806495     
   8.9638283232512563     
   9.0613126578093137     
   9.0170094887684993     
   9.0689169046953211     
   9.0114637306138601     
   9.0820532130821885     
   9.0142375075345349     
   9.0689285894044698     
   9.0140075081143038     
   9.0670441341970918     
   9.0290586923377720     
   9.0645714525529595     
   5.9797109323464959     
   8.7950894522482148     
   9.0327718172589222     
   9.1193327034454317     
   9.0601109111175742     
   9.1158580536259386     
   9.0682688948449073     
   9.1236666123001253     
   9.0785489958515821     
   9.1172730216971871     
   9.0829518812593175     
   9.1112333112380774     
   9.0813875925165206     
   9.1027003797837995     
   6.2770354238421042     
   8.8899177612399480     
   9.0793929084600791     
   9.1402158160185873     
   9.0975844462784359     
   9.1378069326100082     
   9.1003325811770992     
   9.1433981963004083     
   9.1092843731509436     
   9.1382168004287330     
   9.1201827927712475     
   9.1338805035205759     
   9.1245727717287597     
   9.1286690026445481     
   6.5391512029541072     
   8.9729978945813418     
   9.1095935400767161     
   9.1562681534050743     
   9.1202023553346567     
   9.1536546024091763     
   9.1239436237986968     
   9.1540881086568131     
   9.1331618626902848     
   9.1497862212963970     
   9.1428537233014993     
   9.1502875813712308     
   9.1433524805613136     
   9.1462919182701583     
   6.7652995211029117     
   9.0242910513558243     
   9.1152672922130673     
   9.1699773715958006     
   9.1354810659157213     
   9.1667569748052387     
   9.1407216522781063     
   9.1646241254342335     
   9.1531288124451553     
   9.1602800236527653     
   9.1471113784146940     
   9.1573828571070042     
   9.1573735145783743     
   9.1573695913407622     
   6.9838848694182296     
   9.0549105944830348     
   9.1259963307226304     
   9.1685223928725907     
   9.1463190064170306     
   9.1683035401840307     
   9.1545363572401595     
   9.1647568036538924     
   9.1534296965020641     
   9.1621000464179421     
   9.1608357412359442     
   9.1599571648691800     
   9.1638786554665277     
   9.1559499815959047     
   7.1649353718832991     
   9.0605428037222691     
   9.1293351254906625     
   9.1721268301875991     
   9.1514740085124515     
   9.1691057742895019     
   9.1575227328811923     
   9.1690910622256858     
   9.1600637084911654     
   9.1715507029276591     
   9.1699286730899825     
   9.1609890433285077     
   9.1733534135175105     
   9.1631143045505699     
   7.3518986073578620     
   9.0775544101862202     
   9.1409598276666486     
   9.1734507927828712     
   9.1584355273698854     
   9.1735763639782242     
   9.1662664581963842     
   9.1701759410475887     
   9.1725749819079070     
   9.1667756717684803     
   9.1701554198936783     
   9.1669554959462189     
   9.1739463080388717     
   9.1628995346342776     
   7.4746504364893109     
   9.0935801570165697     
   9.1558948728910554     
   9.1783840957694647     
   9.1652915450303762     
   9.1711588326107769     
   9.1673100223408905     
   9.1729791355756394     
   9.1711439231961212     
   9.1704463743240012     
   9.1746668930759760     
   9.1669243381904320     
   9.1797837119556380     
   9.1615683691336400     
