 1.36607420e+00
 5.14061220e+00
 6.01652380e+00
 6.40407670e+00
 6.21732760e+00
 6.40956780e+00
 6.22835170e+00
 6.40812610e+00
 6.26630610e+00
 6.38229930e+00
 6.31794040e+00
 6.38628640e+00
 6.33851840e+00
 6.36660270e+00
 2.96856160e+00
 6.88544550e+00
 7.65937260e+00
 7.97814860e+00
 7.93293430e+00
 7.99449100e+00
 7.94641850e+00
 7.98021380e+00
 7.95043560e+00
 7.97069820e+00
 7.97657050e+00
 7.98537470e+00
 7.98515660e+00
 7.94707020e+00
 3.96179330e+00
 7.75310980e+00
 8.36273680e+00
 8.59383360e+00
 8.58854760e+00
 8.62063340e+00
 8.58543020e+00
 8.60888490e+00
 8.58995780e+00
 8.58278130e+00
 8.60037430e+00
 8.59798090e+00
 8.60823950e+00
 8.59336600e+00
 4.64244290e+00
 8.26131170e+00
 8.76083420e+00
 8.87211620e+00
 8.85739120e+00
 8.87825940e+00
 8.84530580e+00
 8.88368080e+00
 8.84796040e+00
 8.88841910e+00
 8.84428240e+00
 8.88371370e+00
 8.85820430e+00
 8.88529100e+00
 5.19245310e+00
 8.57309530e+00
 8.91756150e+00
 9.01357340e+00
 8.99046410e+00
 9.02229130e+00
 8.98675070e+00
 9.03154710e+00
 8.98816800e+00
 9.02541970e+00
 8.99331190e+00
 9.01975250e+00
 8.98782200e+00
 9.02206940e+00
 5.61758860e+00
 8.76596250e+00
 9.02937140e+00
 9.10161400e+00
 9.07146030e+00
 9.11166620e+00
 9.06735700e+00
 9.11283420e+00
 9.07535430e+00
 9.10403230e+00
 9.07566930e+00
 9.09939330e+00
 9.07629870e+00
 9.10342460e+00
 6.04345380e+00
 8.87322480e+00
 9.07038890e+00
 9.13807300e+00
 9.11462570e+00
 9.14518610e+00
 9.11715700e+00
 9.14132930e+00
 9.12201400e+00
 9.13873110e+00
 9.12467790e+00
 9.13523510e+00
 9.12617810e+00
 9.13865720e+00
 6.34479980e+00
 8.95216060e+00
 9.11507430e+00
 9.16103250e+00
 9.13571850e+00
 9.15937280e+00
 9.13683000e+00
 9.16109250e+00
 9.14537310e+00
 9.16051000e+00
 9.14473560e+00
 9.15401630e+00
 9.14645260e+00
 9.14773360e+00
 6.64868940e+00
 9.02090280e+00
 9.13885160e+00
 9.17265510e+00
 9.15142390e+00
 9.17052200e+00
 9.15606970e+00
 9.17154600e+00
 9.15872950e+00
 9.16845030e+00
 9.16003210e+00
 9.16934320e+00
 9.16963250e+00
 9.16425710e+00
 6.87169280e+00
 9.06332800e+00
 9.15313830e+00
 9.17698010e+00
 9.15795150e+00
 9.17891530e+00
 9.16420060e+00
 9.17422940e+00
 9.16467350e+00
 9.17340940e+00
 9.17002690e+00
 9.17033780e+00
 9.17748380e+00
 9.17443900e+00
 7.12162200e+00
 9.08680970e+00
 9.16042620e+00
 9.17877630e+00
 9.16622700e+00
 9.18079190e+00
 9.17331930e+00
 9.17689700e+00
 9.17375280e+00
 9.17900070e+00
 9.17661860e+00
 9.17638140e+00
 9.17285330e+00
 9.17514340e+00
 7.30472420e+00
 9.10310260e+00
 9.16858220e+00
 9.18431140e+00
 9.17426980e+00
 9.18306870e+00
 9.17375050e+00
 9.18239120e+00
 9.17688190e+00
 9.18517550e+00
 9.18161760e+00
 9.17753160e+00
 9.18341440e+00
 9.18187270e+00
 7.47868900e+00
 9.12190360e+00
 9.17525820e+00
 9.18540060e+00
 9.18172980e+00
 9.18909840e+00
 9.17984260e+00
 9.17927640e+00
 9.18542870e+00
 9.18342950e+00
 9.18275070e+00
 9.18053070e+00
 9.18677850e+00
 9.18360100e+00
 7.66535180e+00
 9.12072440e+00
 9.17781270e+00
 9.18508850e+00
 9.18403330e+00
 9.18511140e+00
 9.18703540e+00
 9.18729520e+00
 9.18525950e+00
 9.18393660e+00
 9.18498770e+00
 9.18318690e+00
 9.18832710e+00
 9.18441170e+00
