  -7.2026383e-20
   2.0407170e-04
   7.1700554e-01
   1.0287808e+00
   8.0798982e-01
   2.5623760e-02
   6.4738460e-06
  -8.5700758e-08
  -8.1971235e-11
  -4.1181783e-14
  -1.4476191e-17
  -3.9391609e-21
  -8.9911542e-25
  -1.8107342e-28
  -3.3263105e-32
  -7.5259007e-32
  -1.2792054e-08
   6.4495496e-03
   7.0458611e-01
   9.7815302e-01
   7.0968824e-01
   1.2494607e-01
   2.8832470e-03
  -1.6953396e-05
  -7.7495640e-07
  -7.9297500e-09
  -4.8861312e-11
  -2.4815852e-13
  -1.0721491e-15
  -4.0437991e-18
