  -2.5057446e-20
   2.3363419e-04
   7.1683677e-01
   1.0288294e+00
   8.0825622e-01
   2.5282642e-02
   1.5336788e-05
  -1.5281039e-08
  -1.2241039e-11
  -5.1890550e-15
  -1.5144244e-18
  -3.3920861e-22
  -6.3169890e-26
  -1.0292766e-29
  -1.5179576e-33
  -2.7563735e-32
  -4.4333646e-09
   6.3829186e-03
   7.0397594e-01
   9.7824680e-01
   7.0986258e-01
   1.2487895e-01
   2.7455414e-03
   2.5331862e-06
  -1.2850535e-07
  -1.0322594e-09
  -5.1539457e-12
  -2.1622224e-14
  -7.5949798e-17
  -2.3130145e-19
