   2.1046849318482729E-025
   2.8815243622976722E-004
  0.72698863352267129     
   1.0287829960522483     
  0.79930447485479272     
   2.4425908966930115E-002
   1.9083625211085831E-005
   1.2691554384171948E-009
   2.7570115547938608E-014
   3.0452196586813984E-019
   2.1023991553801560E-024
   1.0627856128523492E-029
   4.3269228714778257E-035
   1.5072456837467519E-040
   4.6761152582108591E-046
   4.5988307580962898E-041
   1.2696632030360103E-010
   6.9280311637593042E-003
  0.71523400983229812     
  0.97675386493465921     
  0.70113829099686820     
  0.12349146626050350     
   2.7649036492789067E-003
   1.0252417897028578E-005
   1.1268618684214738E-008
   6.7152612674280647E-012
   3.0014299057964761E-015
   9.8293341474907174E-019
   2.5558626985411025E-022
   5.5898916651646971E-026
