  -2.8452486e-02
   1.2950426e-02
   7.1480095e-01
   1.0595517e+00
   8.3897431e-01
   1.8758921e-02
  -3.0913785e-02
   1.5053648e-02
   1.5174230e-02
  -2.4495526e-02
  -5.3149463e-02
   4.9206665e-02
  -1.2068545e-01
   6.8798026e-03
  -4.3371643e-02
  -2.6308151e-02
   8.0408958e-03
  -2.2619067e-02
   6.8317086e-01
   8.4343356e-01
   6.6526155e-01
   1.1832477e-01
  -3.0206898e-02
   1.9443229e-02
  -8.3776600e-03
  -2.6280852e-02
  -6.6816588e-03
  -5.8072711e-02
  -4.5556462e-02
   4.3913357e-02
