  -1.7498315e-18
   3.4466026e-02
   1.3138374e+01
   1.2999995e+01
   1.3000000e+01
   1.2998718e+01
   3.8607855e+00
   9.4481662e-02
   1.4816437e-04
  -6.3444574e-07
  -1.0202091e-09
  -5.9839410e-13
  -2.3619175e-16
  -6.9281419e-20
  -1.6638960e-23
  -2.6853625e-30
  -4.4330409e-05
   1.2795452e+01
   1.3000008e+01
   1.3000000e+01
   1.2999120e+01
   6.5463071e+00
   2.2838296e+00
   4.4865525e-01
   1.8370140e-02
  -1.7071998e-05
  -5.3782151e-06
  -6.8158945e-08
  -4.6573915e-10
  -2.4206033e-12
