  -6.1047189e-19
   3.6656304e-02
   1.3135052e+01
   1.3000000e+01
   1.3000000e+01
   1.2998778e+01
   3.8602962e+00
   9.3439629e-02
   1.6243935e-04
  -1.1399748e-07
  -1.6357081e-10
  -8.0471414e-14
  -2.6387565e-17
  -6.3791583e-21
  -1.2521093e-24
  -9.8342993e-31
  -1.5602425e-05
   1.2800245e+01
   1.3000000e+01
   1.3000000e+01
   1.2999161e+01
   6.5468327e+00
   2.2835647e+00
   4.4814150e-01
   1.7694347e-02
   6.2205748e-05
  -9.2453504e-07
  -9.4771343e-09
  -5.1291127e-11
  -2.2242827e-13
