   1.1770184659584321E-023
   5.1638992030784481E-002
   13.140737538259957     
   13.000001278283367     
   13.000000052002266     
   12.998552919856447     
   3.7201775110690893     
   7.8996242109525550E-002
   1.3006348309604291E-004
   1.7503691239761473E-008
   4.5929661956186781E-013
   5.7215470941263186E-018
   4.1612668943312439E-023
   2.1383261578511384E-028
   8.6708321104873821E-034
   4.4152343172410882E-040
   7.0352687501341085E-007
   12.787826639524717     
   12.999997780010325     
   13.000000051996937     
   12.999024657707626     
   6.5551654561829062     
   2.3498433895322339     
  0.49829708102191406     
   2.3901881763104864E-002
   1.7183810841230667E-004
   3.0957091323163796E-007
   2.3275380146001314E-010
   1.3262446262890620E-013
   5.5397528999809901E-017
