  -1.1050839e-02
   9.3744661e-02
   1.3149846e+01
   1.3050572e+01
   1.3050909e+01
   1.2894447e+01
   3.8006041e+00
   1.2594900e-01
   2.1217452e-02
  -6.9152201e-02
  -1.2134483e-02
   6.9817250e-02
   1.2471312e-01
  -3.6748981e-02
   2.4118719e-02
   3.6164890e-02
  -3.4940467e-02
   1.2774371e+01
   1.3010034e+01
   1.3005721e+01
   1.2877645e+01
   6.5960659e+00
   2.3357601e+00
   4.6475430e-01
   1.6761253e-02
  -2.3415362e-02
  -2.5230108e-02
   6.0745613e-02
  -2.5713415e-02
   9.7878698e-03
