  -4.6639971e-19
   1.9320975e-03
   4.7225817e+00
   1.5287577e-01
   3.0092880e-04
  -8.9059834e-07
  -1.5807930e-09
  -9.4908938e-13
  -3.8168079e-16
  -1.1346101e-19
  -2.7509680e-23
  -5.7834347e-27
  -1.0964889e-30
  -1.9247756e-34
  -3.1862353e-38
  -5.5918767e-31
  -2.5104799e-07
   1.0477542e+00
   2.1005705e+00
   4.8590337e-01
   2.2790601e-02
   3.4970658e-05
  -6.0463545e-06
  -8.2507624e-08
  -5.8179116e-10
  -3.0643095e-12
  -1.3959369e-14
  -5.4927622e-17
  -1.9286431e-19
  -6.2019164e-22
