  -1.6252436e-19
   2.2074016e-03
   4.7270156e+00
   1.5197952e-01
   3.1238495e-04
  -1.4986137e-07
  -2.5556030e-10
  -1.2855772e-13
  -4.2991342e-17
  -1.0540472e-20
  -2.0900344e-24
  -3.5635182e-28
  -5.4364517e-32
  -7.6242058e-36
  -1.0019525e-39
  -2.0479188e-31
  -8.7706985e-08
   1.0507957e+00
   2.1016528e+00
   4.8554535e-01
   2.2205871e-02
   1.0502521e-04
  -1.0331569e-06
  -1.1696615e-08
  -6.5033965e-11
  -2.8543792e-13
  -1.0614626e-15
  -3.3795244e-18
  -9.5379885e-21
  -2.4503706e-23
