   2.4346136106984763E-024
   1.9034352448981779E-003
   4.7556837595072192     
  0.22947723532178832     
   1.0538327781579426E-003
   4.9039294598091574E-007
   3.9627080593279330E-011
   1.6405242932627935E-015
   4.0352177005972258E-020
   7.0350466828555826E-025
   9.6880475995623940E-030
   1.1272868735089683E-034
   1.1582879781003326E-039
   1.0830503832224589E-044
   9.4133907585794383E-050
   1.1618565186623224E-038
   6.0280293001184032E-009
   1.0720562462458267     
   2.0826689521096071     
  0.51689471842133994     
   2.9247723102447928E-002
   2.7925475374679734E-004
   7.2970704810474370E-007
   8.2391363623963092E-010
   6.8146340424008051E-013
   4.3110472188816119E-016
   2.1546168827239642E-019
   9.0246765607001729E-023
   3.3029606691319129E-026
   1.0882187615884302E-029
