  -7.0354881e-02
  -1.1149191e-03
   4.7602925e+00
   2.3450755e-01
   1.0529323e-01
  -1.8795068e-03
  -5.3548014e-03
  -3.1920117e-02
  -5.9331153e-02
  -3.8362232e-03
   2.3601520e-02
  -3.0028427e-02
  -5.9593322e-03
  -3.9778160e-02
  -5.5923241e-03
  -3.6710145e-02
  -1.1840132e-02
   1.0527014e+00
   2.1712387e+00
   4.3263843e-01
   5.1808926e-02
  -1.0220369e-03
  -1.2748407e-01
   2.7623338e-02
   6.5147376e-02
   5.6809169e-02
   6.3119134e-02
  -9.3200632e-02
   6.0618861e-03
  -3.8857103e-02
