  -1.6252436e-19
   2.2074009e-03
   6.2018927e+00
   5.0018294e+00
   4.9999997e+00
   4.9999993e+00
   2.9603815e+00
   8.6752974e-02
   1.3020828e-04
  -8.7383640e-08
  -1.1296317e-10
  -5.3935804e-14
  -1.7320595e-17
  -4.1316688e-21
  -8.0367025e-25
  -2.0479188e-31
  -8.7707024e-08
   1.4264513e+00
   4.9955851e+00
   5.0000008e+00
   4.9999997e+00
   4.1306421e+00
   1.9033991e+00
   3.7973134e-01
   1.3907615e-02
   4.4863143e-05
  -6.7812155e-07
  -6.7277885e-09
  -3.5840784e-11
  -1.5490253e-13
