  -4.6639971e-19
   1.9320954e-03
   6.1981555e+00
   5.0018145e+00
   4.9999982e+00
   5.0000005e+00
   2.9598825e+00
   8.7575071e-02
   1.1537226e-04
  -4.8877317e-07
  -7.1475837e-10
  -4.0613142e-13
  -1.5701375e-16
  -4.5454235e-20
  -1.0821456e-23
  -5.5918767e-31
  -2.5104810e-07
   1.4218339e+00
   4.9956346e+00
   5.0000045e+00
   5.0000002e+00
   4.1301424e+00
   1.9033006e+00
   3.8006028e-01
   1.4446874e-02
  -1.7516784e-05
  -3.9663623e-06
  -4.8821722e-08
  -3.2789905e-10
  -1.6994888e-12
