   5.8054894318525836E-028
   1.1766674534388361E-003
   6.2721871624195513     
   5.0003449113140572     
   5.0000000202145989     
   4.9999998451039245     
   2.9516468715203024     
   4.3672854023962267E-002
   1.0757360424071865E-005
   3.3815865837617264E-011
   1.9433604248977730E-017
   7.5335466314222646E-024
   2.0092305118418576E-030
   3.8536433110934695E-037
   5.7192262926825522E-044
   5.4808810950585871E-045
   2.3948776184909724E-010
   1.4991067382665597     
   4.9991414303216501     
   5.0000000195273246     
   4.9999999377686963     
   4.1596615576720133     
   1.8636334698698573     
  0.28075789534443635     
   3.7927760633324845E-003
   3.2384081275294809E-006
   2.3334777087425465E-010
   8.3561617674955372E-015
   2.9684079432964296E-019
   8.9525002806712034E-024
