  -6.7406302e-02
   7.4825755e-02
   6.1907952e+00
   4.9972657e+00
   4.9853359e+00
   4.9019025e+00
   2.9956732e+00
   3.9734753e-02
   1.3957896e-02
  -5.4920178e-02
   4.2789834e-02
   1.3906725e-03
  -4.3176962e-02
  -6.8290344e-03
   3.0035141e-03
   2.5528137e-02
   6.8418582e-02
   1.4089081e+00
   4.8842494e+00
   4.9707581e+00
   4.9481462e+00
   4.1216857e+00
   1.8464028e+00
   3.3839409e-01
  -2.7933295e-02
   7.3665208e-02
   2.1124252e-03
   6.8380136e-02
   3.1366280e-02
  -6.1763177e-02
