  -4.6639971e-19
  -1.4675658e-05
   1.1816461e+00
   5.6232659e+00
   5.0029893e+00
   4.9999889e+00
   4.9999999e+00
   4.9998279e+00
   3.5507150e+00
   4.6107820e-01
   1.1362332e-02
   3.9114979e-05
  -1.1259847e-06
  -1.3457786e-08
  -7.0673952e-11
  -2.7106203e-13
  -8.4449212e-16
  -2.2195342e-18
  -5.1412806e-21
  -1.0821456e-23
  -5.5918767e-31
  -1.7464613e-10
  -3.0993268e-04
   3.4233361e+00
   4.9928065e+00
   5.0000268e+00
   5.0000002e+00
   4.9999288e+00
   4.3889160e+00
   2.6584765e+00
   1.2097871e+00
   2.9504997e-01
   2.7472584e-02
   7.2046514e-04
  -3.3203026e-05
  -3.2254101e-06
  -1.3149776e-07
  -3.6969537e-09
  -8.3096047e-11
  -1.6994888e-12
