  -1.6252436e-19
  -1.2512554e-06
   1.1775351e+00
   5.6265557e+00
   5.0029402e+00
   4.9999993e+00
   5.0000000e+00
   4.9998169e+00
   3.5515466e+00
   4.6044931e-01
   1.1046589e-02
   5.3719676e-05
  -1.8067219e-07
  -2.3198551e-09
  -1.0530156e-11
  -3.5656640e-14
  -9.6932616e-17
  -2.2135558e-19
  -4.4349274e-22
  -8.0367025e-25
  -2.0479188e-31
  -6.3116274e-11
   4.4499961e-04
   3.4181727e+00
   4.9929039e+00
   5.0000017e+00
   5.0000000e+00
   4.9999242e+00
   4.3893823e+00
   2.6589429e+00
   1.2097095e+00
   2.9469014e-01
   2.6882163e-02
   7.5957522e-04
  -9.5032008e-07
  -5.4926285e-07
  -1.9121623e-08
  -4.4829352e-10
  -8.6642170e-12
  -1.5490253e-13
