   1.6741040540116787E-022
   2.3044247943178235E-005
   1.2409046773885706     
   5.6508530331705185     
   5.0064926065056161     
   5.0000140529726762     
   5.0000000122136585     
   4.9995561787219422     
   3.5389942628316082     
  0.53446665907047319     
   1.9304563442618532E-002
   2.0513766416646053E-004
   6.9866398842051501E-007
   9.4520600596352663E-010
   8.5148874937063079E-013
   5.7077941243489953E-016
   3.0051029993207594E-019
   1.3256829379255046E-022
   5.1201504313820596E-026
   1.7850642288736446E-029
   8.0005097819908355E-037
   1.8013806314035558E-012
   2.1613732963588770E-003
   3.2855591758145555     
   4.9842448597670685     
   4.9999660317658483     
   4.9999999704544011     
   4.9998167002649856     
   4.3816374921215218     
   2.6671339668442027     
   1.2332982335609108     
  0.32701505311099299     
   3.7618762440769518E-002
   1.7267608629747964E-003
   3.8115205194663131E-005
   4.9362900318639721E-007
   4.3241921292379697E-009
   3.1033486635834186E-011
   2.0100625529432162E-013
   1.1356789836615856E-015
