   6.9224926e-02
  -3.1293563e-03
   1.1983315e+00
   5.6097467e+00
   4.9519394e+00
   4.8463530e+00
   5.0313140e+00
   4.9854652e+00
   3.5418481e+00
   4.8068795e-01
  -5.9990960e-02
  -3.6412140e-02
   5.7366473e-02
   2.9893232e-02
  -6.4064063e-02
  -1.1016321e-01
  -2.8562316e-02
   1.0699824e-02
   4.7118847e-02
   4.6862745e-03
  -5.6115586e-02
   1.5307891e-02
  -5.7643458e-02
   3.3673283e+00
   4.9601428e+00
   4.9385246e+00
   4.9864517e+00
   4.9549194e+00
   4.3751065e+00
   2.6359581e+00
   1.1892752e+00
   2.6949094e-01
   8.8358159e-02
   3.1312384e-02
   2.9634596e-03
  -7.3347273e-02
  -8.1290163e-02
  -9.8237621e-02
   1.3025979e-01
   4.8618741e-02
