  -1.0199414e-18
   8.1628170e-03
   5.1874112e+00
   1.5594673e-01
   3.4523281e-04
  -1.0322817e-06
  -1.9663487e-09
  -1.2089785e-12
  -4.9311224e-16
  -1.4789951e-19
  -3.6070887e-23
  -7.6141924e-27
  -1.4478174e-30
  -2.5470228e-34
  -4.2232469e-38
  -1.3805396e-30
  -3.0956514e-06
   5.1734175e+00
   2.4425761e+00
   5.4256832e-01
   2.6612927e-02
   4.7241974e-05
  -7.3810678e-06
  -1.0268879e-07
  -7.3244707e-10
  -3.8647058e-12
  -1.7668332e-14
  -6.9742825e-17
  -2.4547709e-19
  -7.9084613e-22
