  -3.5576792e-19
   9.1127000e-03
   5.1904726e+00
   1.5493956e-01
   3.5299595e-04
  -1.7328066e-07
  -3.2091197e-10
  -1.6507006e-13
  -5.5989288e-17
  -1.3851051e-20
  -2.7630468e-24
  -4.7310389e-28
  -7.2400963e-32
  -1.0177569e-35
  -1.3399276e-39
  -5.0539995e-31
  -1.0894188e-06
   5.1721216e+00
   2.4424547e+00
   5.4210524e-01
   2.5942021e-02
   1.2899332e-04
  -1.2642712e-06
  -1.4635531e-08
  -8.2279269e-11
  -3.6167596e-13
  -1.3506292e-15
  -4.3145091e-18
  -1.2207649e-20
  -3.1423763e-23
