   1.2517100099241832E-026
   3.2341160689745110E-003
   5.1756221427463478     
  0.19686033640428613     
   6.3190792286620405E-004
   1.3850410000468126E-007
   3.8955202628923115E-012
   4.8126584283858078E-017
   3.1623882060371738E-022
   1.3905643631990712E-027
   4.6759299090200630E-033
   1.3039426328583671E-038
   3.1753663062779512E-044
   6.9882540182656652E-050
   1.4231110068492189E-055
   1.9229177696138004E-042
   7.4138619010046109E-009
   5.1896409807263710     
   2.3731605655302390     
  0.58379071773947455     
   3.3210214410451286E-002
   2.4261422939431891E-004
   3.6627368032155649E-007
   2.0170723695611579E-010
   8.1635628246559686E-014
   2.3113854292150953E-017
   4.9287442145534750E-021
   8.5309037445458222E-025
   1.2627914122071045E-028
   1.6584966129745949E-032
