  -3.7121348e-02
  -1.2933416e-01
   5.1538414e+00
   1.7968298e-01
   5.3343633e-02
   6.0400432e-02
  -5.2113430e-02
   4.1546950e-02
   2.2183457e-02
  -1.1158712e-01
   3.8767729e-02
  -5.7385193e-02
   2.5493712e-02
   2.1712679e-02
  -4.2230482e-02
  -3.1759286e-02
  -1.8380862e-02
   5.1307811e+00
   2.3987880e+00
   5.4078475e-01
  -1.9787982e-03
   6.9378287e-02
  -1.4194247e-02
   2.7167185e-02
  -3.4264975e-03
  -2.1712878e-02
   7.2399642e-02
   4.6750581e-03
   1.1063568e-02
   3.9340289e-02
