  -4.6639971e-19
   1.9320954e-03
   6.1981555e+00
   4.3767078e+00
   3.1795867e-01
   1.0946386e-03
  -1.9750426e-06
  -5.0682598e-09
  -3.3627699e-12
  -1.4393842e-15
  -4.4642726e-19
  -1.1142804e-22
  -2.3914567e-26
  -4.6032544e-30
  -8.1733277e-34
  -5.5918767e-31
  -2.5104810e-07
   1.4218339e+00
   4.7348819e+00
   2.4696987e+00
   6.7783860e-01
   4.3758817e-02
   2.5244586e-04
  -1.0966871e-05
  -1.7925656e-07
  -1.3694360e-09
  -7.4161366e-12
  -3.4688843e-14
  -1.3954405e-16
  -4.9834814e-19
