  -1.6252436e-19
   2.2074009e-03
   6.2018927e+00
   4.3781242e+00
   3.1721785e-01
   1.0714523e-03
  -2.4563386e-07
  -8.4832217e-10
  -4.6908778e-13
  -1.6730788e-16
  -4.2855584e-20
  -8.7602898e-24
  -1.5268679e-27
  -2.3679328e-31
  -3.3628101e-35
  -2.0479188e-31
  -8.7707024e-08
   1.4264513e+00
   4.7354033e+00
   2.4700121e+00
   6.7755751e-01
   4.2956410e-02
   3.2049126e-04
  -1.8001263e-06
  -2.6516496e-08
  -1.5874477e-10
  -7.1310627e-13
  -2.7305066e-15
  -8.8981862e-18
  -2.5569868e-20
