   2.3087914018225392E-025
   2.4657723383357619E-003
   6.1461948927051484     
   4.4767641592763594     
  0.28706478417506026     
   5.5666454457025522E-004
   5.1144695217273703E-008
   5.8590745174008026E-013
   2.8100052636111426E-018
   7.0783449810300744E-024
   1.1948147363513299E-029
   1.5509956227521328E-035
   1.6800211206555166E-041
   1.5977993808488057E-047
   1.3793687674793926E-053
   5.4823970421016030E-041
   2.3447380804768362E-009
   1.2943024979237483     
   4.7937709265190431     
   2.5576477760164016     
  0.61927387907871057     
   2.5520018893779334E-002
   1.0754662805000458E-004
   8.4667466995320129E-008
   2.5384858045371361E-011
   5.5216114633095767E-015
   8.0982163834507592E-019
   8.9140015181931218E-023
   7.9751393609801526E-027
   6.1222778394724346E-031
