  -1.6123133e-02
  -2.4768709e-02
   6.1945573e+00
   4.4631648e+00
   3.1558976e-01
  -1.4867787e-02
  -6.3319533e-02
  -1.6282566e-02
   9.7461505e-02
   9.5858854e-03
   6.9466690e-02
   1.4533327e-02
   5.3222698e-02
  -5.5106687e-02
  -1.2200476e-01
  -8.9163925e-03
  -2.7655496e-02
   1.3925148e+00
   4.6186868e+00
   2.6390705e+00
   6.1499638e-01
   2.2555322e-02
  -9.1918790e-03
   1.0906362e-02
   1.6369025e-02
  -5.3310288e-02
  -8.8959832e-02
   2.8522189e-02
   2.4412535e-02
  -4.0634241e-02
