  -2.5057448e-20
   2.2278346e-04
   1.9224465e-01
   3.5832239e-03
   2.0832601e-07
  -1.4015581e-09
  -8.1413884e-13
  -3.0213159e-16
  -7.9905394e-20
  -1.6733397e-23
  -2.9705594e-27
  -4.6724563e-31
  -6.7092891e-35
  -8.9813372e-39
  -1.1387080e-42
  -2.7563735e-32
  -4.1484009e-09
   3.0615086e-03
   1.3251471e-01
   2.5972821e-02
   3.4152996e-04
  -4.6179948e-07
  -1.7443236e-08
  -1.1772785e-10
  -5.6836304e-13
  -2.2813456e-15
  -7.6999738e-18
  -2.2731551e-20
  -6.0496324e-23
  -1.4838290e-25
