  -7.2026388e-20
   2.0315168e-04
   1.9254136e-01
   3.7226661e-03
  -2.0733642e-06
  -8.2763115e-09
  -5.7420376e-12
  -2.5452592e-15
  -8.1236259e-19
  -2.0717364e-22
  -4.5188229e-26
  -8.8058131e-30
  -1.5784227e-33
  -2.6554882e-37
  -4.2543751e-41
  -7.5259007e-32
  -1.1977459e-08
   3.1434493e-03
   1.3250333e-01
   2.5915775e-02
   3.6331295e-04
  -4.4005868e-06
  -1.1007914e-07
  -9.5783724e-10
  -5.6082344e-12
  -2.7546026e-14
  -1.1466133e-16
  -4.2013802e-19
  -1.3964487e-21
  -4.3020743e-24
