   1.2065439973476878E-023
   8.7036034766047515E-005
  0.12992224402767219     
   3.4389043144992165E-002
   3.8867450167193982E-004
   9.3052307246907189E-007
   8.8293396580145825E-010
   5.5795592579099211E-013
   2.6459287567554104E-016
   1.0080688403709206E-019
   3.2863186555812262E-023
   9.5573781387499951E-027
   2.5507652851014696E-030
   6.3726787831703157E-034
   1.5118303176343481E-037
   2.4227327249889414E-033
   1.2659956506106042E-008
   7.3493004099235973E-003
  0.11386829582417458     
   3.3180382148330557E-002
   1.4464920799011122E-003
   1.9971321827737605E-005
   1.3344884767530188E-007
   5.6024149876576524E-010
   1.9054045023648598E-012
   5.4222439946496878E-015
   1.3281106101524438E-017
   2.9012012514443946E-020
   5.8004448439601082E-023
   1.0815929079246644E-025
