   1.7393469e-02
   2.7015670e-02
   2.0766944e-01
   8.3797417e-03
   4.2599859e-03
  -2.9920706e-02
   1.5585831e-03
  -5.0953434e-02
  -1.0070962e-01
   3.6060516e-03
   6.0190037e-02
   5.3362753e-03
  -4.6702530e-02
  -1.8008084e-02
  -4.7114662e-02
   4.8150974e-02
   2.8823785e-02
  -7.3354919e-02
   8.9523379e-02
   9.5689238e-02
   6.1368443e-02
   3.8316009e-02
   7.1036775e-02
  -4.8450622e-02
   2.7639572e-02
  -7.6247121e-02
  -8.8522615e-02
  -1.6106108e-03
  -2.7343291e-02
  -1.3475395e-02
