  -7.2026383e-20
   2.0407170e-04
   6.9772287e-01
   1.2305601e-01
   1.8544748e-04
  -4.8483975e-07
  -6.8700075e-10
  -3.8568453e-13
  -1.4886792e-16
  -4.3154841e-20
  -1.0294922e-23
  -2.1404941e-27
  -4.0263057e-31
  -7.0268444e-35
  -1.1581186e-38
  -7.5259007e-32
  -1.2792054e-08
   6.4188838e-03
   5.3931146e-01
   2.4601880e-01
   1.0540820e-02
   1.2418531e-05
  -2.4232661e-06
  -3.1652077e-08
  -2.1760842e-10
  -1.1540465e-12
  -5.2235413e-15
  -2.0422483e-17
  -7.1359737e-20
  -2.2862239e-22
