  -2.5057446e-20
   2.3363419e-04
   6.9783752e-01
   1.2286045e-01
   1.9688613e-04
  -8.1524051e-08
  -1.0802194e-10
  -5.1157491e-14
  -1.6438352e-17
  -3.9329252e-21
  -7.6747457e-25
  -1.2941406e-28
  -1.9585921e-32
  -2.7304215e-36
  -3.5719440e-40
  -2.7563735e-32
  -4.4333646e-09
   6.3378747e-03
   5.3939786e-01
   2.4628993e-01
   1.0222431e-02
   4.2566036e-05
  -4.1226249e-07
  -4.4372027e-09
  -2.4180934e-11
  -1.0665058e-13
  -3.9339191e-16
  -1.2442380e-18
  -3.4941414e-21
  -8.9425848e-24
