   1.8749573786013026E-036
   5.5046856532570554E-006
  0.73801158221428720     
   7.5433563324129524E-002
   8.3625695867565599E-010
  -1.1305771281245359E-017
  -2.9123291819584069E-025
  -1.1285240147066268E-033
  -1.4494867561468021E-042
  -8.6833889920039068E-052
  -3.0242166871962623E-061
  -7.0860321320046745E-071
  -1.2335044957418018E-080
  -1.7096398131740552E-090
  -1.9826461400049699E-100
   1.8533852980760144E-051
   5.8116815778135495E-013
   8.8452468176358125E-003
  0.73849920079812392     
   7.1639823474348538E-002
   3.8526327871180575E-007
  -4.9144507568356469E-015
  -5.9062797964070072E-020
  -5.5062383807742900E-026
  -2.0914997992118057E-032
  -4.1440864195357245E-039
  -4.9971886935811185E-046
  -4.1138420380829695E-053
  -2.5166852365453669E-060
  -1.2180434544520854E-067
