   6.0732078e-03
  -3.7821558e-03
   6.8055502e-01
   1.0941511e-01
  -3.4737356e-02
   3.0622416e-03
  -4.2596424e-03
  -4.0286493e-02
  -1.8104089e-03
  -3.3953195e-02
  -2.1385117e-02
   7.9605209e-03
  -2.6957904e-02
   6.5867055e-02
   1.7023922e-02
  -1.7252369e-02
   3.1451915e-02
  -8.0432137e-02
   5.0446389e-01
   2.4068228e-01
   2.6598355e-02
  -7.5075278e-02
   3.7317666e-02
   3.0707015e-02
   1.8383993e-02
  -1.1749785e-02
   4.5252190e-02
  -4.4359238e-02
   6.6902683e-02
   1.2146781e-02
