  -7.2026383e-20
   2.0407170e-04
   7.1700554e-01
   1.0245796e+00
   2.1706892e-01
   7.2775654e-04
  -1.1209861e-06
  -2.2406477e-09
  -1.3728966e-12
  -5.6313638e-16
  -1.7007244e-19
  -4.1733181e-23
  -8.8538843e-27
  -1.6903716e-30
  -2.9833921e-34
  -7.5259007e-32
  -1.2792054e-08
   6.4495496e-03
   7.0424655e-01
   8.9081897e-01
   3.5071730e-01
   2.0738838e-02
   9.9800613e-05
  -4.5070056e-06
  -6.9714541e-08
  -5.1630478e-10
  -2.8064371e-12
  -1.3049996e-14
  -5.2127657e-17
  -1.8516232e-19
