  -2.5057446e-20
   2.3363419e-04
   7.1683677e-01
   1.0246807e+00
   2.1707310e-01
   7.1182011e-04
  -1.5013115e-07
  -3.6486796e-10
  -1.8769277e-13
  -6.4187083e-17
  -1.6020741e-20
  -3.2203049e-24
  -5.5483315e-28
  -8.5334337e-32
  -1.2044127e-35
  -2.7563735e-32
  -4.4333646e-09
   6.3829186e-03
   7.0363797e-01
   8.9132786e-01
   3.5071134e-01
   2.0344109e-02
   1.3227228e-04
  -7.3923126e-07
  -1.0188617e-08
  -5.9248469e-11
  -2.6780458e-13
  -1.0167755e-15
  -3.2894631e-18
  -9.4010922e-21
