   9.7469702069938612E-039
   1.5376322116398516E-006
  0.66022176965475965     
   1.0367284676692132     
  0.20819683373434761     
   1.2436191434867682E-011
  -9.7554902267747906E-017
  -2.2672859897829487E-024
  -4.6691613773582929E-033
  -2.2092086016077548E-042
  -3.9787612147660767E-052
  -3.6727415151974934E-062
  -2.0954358912864527E-072
  -8.3621854493657752E-083
  -2.5410650727959121E-093
   6.0743004792558318E-060
   2.3038162005322366E-017
   1.7214430590346664E-004
  0.62964656193620683     
  0.91795013512509094     
  0.41967174423750386     
   2.8366971734650665E-003
  -1.7170173931115346E-011
  -5.5681673331364311E-016
  -3.6535009006274211E-021
  -6.6913615101621772E-027
  -4.8440670989276867E-033
  -1.7734995329433269E-039
  -3.8903082503570611E-046
  -5.7576889771114319E-053
