   3.9613072e-02
   8.0293751e-02
   7.3926929e-01
   1.0067609e+00
   2.3206076e-01
   2.9536687e-02
  -8.0478882e-02
  -4.8050477e-02
   7.3639547e-02
   3.3471126e-02
  -4.3810182e-03
   6.4230838e-02
  -3.0269855e-02
   1.7071415e-02
   2.9509687e-02
   5.7774837e-02
   7.6305596e-02
  -6.8895025e-02
   6.9181816e-01
   8.5560459e-01
   3.7493793e-01
   3.1357564e-02
   1.4730988e-03
   1.7934757e-02
   7.4741325e-02
  -8.3319821e-03
   5.4177187e-03
  -1.8601965e-02
  -1.7904338e-02
   9.2805278e-03
