  -7.2026383e-20
  -1.8780055e-06
   7.2941938e-02
   9.4022452e-01
   1.0335593e+00
   1.0015804e+00
   1.0000087e+00
   9.9999931e-01
   9.7168876e-01
   2.9821546e-01
   8.3230365e-03
   2.0271891e-05
  -6.1022533e-07
  -6.0889408e-09
  -2.9363244e-11
  -1.0892385e-13
  -3.2966132e-16
  -8.4918607e-19
  -1.9390062e-21
  -4.0382284e-24
  -7.5259007e-32
  -1.2966474e-11
  -1.4945426e-05
   3.6635244e-02
   6.5300664e-01
   9.8407138e-01
   9.9991254e-01
   1.0000080e+00
   9.9720208e-01
   9.1396348e-01
   5.8942420e-01
   1.5161346e-01
   1.2777968e-02
   2.9834331e-04
  -1.4334758e-05
  -1.2953540e-06
  -5.1009056e-08
  -1.4002683e-09
  -3.1316027e-11
  -6.4270905e-13
