  -2.5057446e-20
  -1.5617884e-07
   7.2280462e-02
   9.4040503e-01
   1.0336102e+00
   1.0015149e+00
   1.0000139e+00
   9.9999991e-01
   9.7202796e-01
   2.9824891e-01
   8.1071496e-03
   3.0511949e-05
  -9.9019355e-08
  -1.0203456e-09
  -4.2918071e-12
  -1.4040245e-14
  -3.7107855e-17
  -8.3096942e-20
  -1.6415630e-22
  -2.9436192e-25
  -2.7563735e-32
  -4.5075292e-12
  -1.9668791e-06
   3.5822456e-02
   6.5255100e-01
   9.8470410e-01
   9.9985996e-01
   1.0000012e+00
   9.9722972e-01
   9.1424125e-01
   5.8945693e-01
   1.5159021e-01
   1.2493170e-02
   3.1952346e-04
  -5.9624650e-07
  -2.1868261e-07
  -7.3268550e-09
  -1.6781341e-10
  -3.2545956e-12
  -5.8047967e-14
