   3.6097466240822010E-025
   1.1274364816967942E-006
   7.3424008424948506E-002
  0.92924284492763864     
   1.0373343664694417     
   1.0021593480915900     
   1.0000315551531933     
   1.0000001676147907     
  0.97170320714713643     
  0.30369105230120141     
   8.7669360324076698E-003
   4.3269906164848096E-005
   5.7211508876993381E-008
   3.0910710180057951E-011
   1.1651725267494663E-014
   3.0604841139279966E-018
   6.1827715863176284E-022
   1.0302486733465565E-025
   1.4847631032307365E-029
   1.9131304465661413E-033
   2.3486716957272411E-041
   3.3837054021040328E-015
   4.4491486179268175E-006
   2.7193720029631586E-002
  0.59034993706328520     
  0.97692922528139936     
  0.99966296660676413     
  0.99999799477412410     
  0.99734758018424130     
  0.92167971795691617     
  0.62476860850453819     
  0.18043304520665532     
   1.7888375915982007E-002
   6.2168780434061950E-004
   9.5034832240508955E-006
   7.9010716888259200E-008
   4.2882021087887209E-010
   2.0287945979878966E-012
   8.1229629566244192E-015
   2.7643760269415396E-017
