   2.7056971e-02
  -7.7042960e-02
   6.1934839e-02
   9.1541828e-01
   1.0527788e+00
   1.0220951e+00
   1.0202911e+00
   9.8181102e-01
   9.4211594e-01
   2.6881834e-01
   5.0726534e-02
  -9.2615425e-02
  -1.0365120e-02
   1.3518910e-02
  -3.2638551e-02
   2.3861364e-02
  -3.5659825e-03
  -4.6915064e-02
   8.0681767e-03
  -1.3409144e-02
  -2.0493632e-02
  -3.5566136e-02
   3.0786108e-03
  -5.6724083e-02
   6.3234820e-01
   9.5773664e-01
   9.5423901e-01
   1.0326342e+00
   9.6051749e-01
   9.4131592e-01
   6.3826597e-01
   1.4377919e-01
   2.6290302e-02
   3.2313650e-02
  -4.0449607e-03
   2.7043532e-02
  -6.3128242e-02
   5.5521192e-02
  -4.9478134e-02
  -9.1441797e-02
