  -1.7498315e-18
  -9.9926105e-05
   1.6588197e+01
   1.3016976e+01
   1.2999993e+01
   1.3000000e+01
   1.2995949e+01
   6.5961791e+00
   7.6382266e-01
   2.4759804e-02
   1.6097717e-04
  -2.3862891e-06
  -3.9414875e-08
  -2.3792876e-10
  -9.6018875e-13
  -3.1377590e-15
  -8.5408725e-18
  -2.0303328e-20
  -4.3583803e-23
  -8.6485365e-26
  -2.6853625e-30
  -4.7092482e-09
   3.4164518e+00
   1.2975213e+01
   1.3000010e+01
   1.3000000e+01
   1.2997218e+01
   8.5362948e+00
   3.7910874e+00
   1.6620026e+00
   4.5817098e-01
   5.3426977e-02
   1.9302679e-03
  -4.7739294e-05
  -6.8081579e-06
  -3.0867644e-07
  -9.2300056e-09
  -2.1510962e-10
  -4.4503321e-12
  -8.5479108e-14
