  -6.1047189e-19
  -5.8217863e-06
   1.6601047e+01
   1.3016471e+01
   1.3000000e+01
   1.3000000e+01
   1.2996107e+01
   6.5969687e+00
   7.6257933e-01
   2.4188266e-02
   1.7489902e-04
  -2.8592293e-07
  -7.0483923e-09
  -3.6628571e-11
  -1.3056710e-13
  -3.7266357e-16
  -8.8203769e-19
  -1.8152072e-21
  -3.3578964e-24
  -5.7161537e-27
  -9.8342993e-31
  -1.6606028e-09
   3.4188165e+00
   1.2975911e+01
   1.3000000e+01
   1.3000000e+01
   1.2997326e+01
   8.5373451e+00
   3.7910593e+00
   1.6616740e+00
   4.5765722e-01
   5.2439895e-02
   1.9016982e-03
   7.6785984e-06
  -1.1711571e-06
  -4.6604954e-08
  -1.1602227e-09
  -2.3024175e-11
  -4.1809234e-13
  -6.9295961e-15
