 -6.10471890e-19
 -5.82178630e-06
 1.66010470e+01
 1.30164710e+01
 1.30000000e+01
 1.30000000e+01
 1.29961070e+01
 6.59696870e+00
 7.62579330e-01
 2.41882660e-02
 1.74899020e-04
 -2.85922930e-07
 -7.04839230e-09
 -3.66285710e-11
 -1.30567100e-13
 -3.72663570e-16
 -8.82037690e-19
 -1.81520720e-21
 -3.35789640e-24
 -5.71615370e-27
 -9.83429930e-31
 -1.66060280e-09
 3.41881650e+00
 1.29759110e+01
 1.30000000e+01
 1.30000000e+01
 1.29973260e+01
 8.53734510e+00
 3.79105930e+00
 1.66167400e+00
 4.57657220e-01
 5.24398950e-02
 1.90169820e-03
 7.67859840e-06
 -1.17115710e-06
 -4.66049540e-08
 -1.16022270e-09
 -2.30241750e-11
 -4.18092340e-13
 -6.92959610e-15
