   2.5075866523044181E-024
   5.8258541713099667E-005
   16.731778036939712     
   13.013364231591538     
   13.000001452965378     
   13.000000052032139     
   12.996859676590129     
   6.5780335657213360     
  0.69051520164180458     
   1.7380725543199589E-002
   9.4172440656840558E-005
   1.0846843476376837E-007
   3.7544623633040683E-011
   8.1559788337969326E-015
   1.1425364744324719E-018
   1.1743417779272546E-022
   9.6739780320710761E-027
   6.7704870056748209E-031
   4.1891512338066647E-035
   2.3565451753026079E-039
   4.3717770431654809E-040
   2.2685658914968882E-012
   3.3803531216149230     
   12.980140301192581     
   12.999997849444119     
   13.000000051952307     
   12.997877675272154     
   8.5932154914069265     
   3.8062436238676756     
   1.6215396200461434     
  0.41315940888473612     
   3.9712577990101618E-002
   1.1436632816933052E-003
   1.2277316029614432E-005
   6.3791705521371829E-008
   2.0411351394076733E-010
   5.7515886278655376E-013
   1.3226634653243605E-015
   2.5311394735928191E-018
   4.1881254222158253E-021
