   2.1034185e-02
   2.0089339e-02
   1.6609880e+01
   1.3041253e+01
   1.3054115e+01
   1.3048522e+01
   1.2967651e+01
   6.6376780e+00
   7.7114054e-01
  -1.2162176e-03
  -5.9482192e-02
   3.2348881e-02
  -1.7681130e-02
   2.3217263e-03
  -3.9647375e-02
  -7.7525724e-02
   8.5793178e-03
  -3.1069562e-03
   5.9951394e-02
   4.0085204e-02
   5.2665229e-02
  -3.7443838e-02
   3.3731465e+00
   1.2912520e+01
   1.3024895e+01
   1.3139454e+01
   1.3033685e+01
   8.4988396e+00
   3.8329732e+00
   1.6052903e+00
   3.8640672e-01
   8.7955580e-02
  -3.6966756e-02
   1.5827158e-02
   7.0326959e-02
   2.0056233e-02
   4.6483014e-02
  -8.0290110e-02
   3.3076812e-02
   1.0692511e-01
