 2.10341850e-02
 2.00893390e-02
 1.66098800e+01
 1.30412530e+01
 1.30541150e+01
 1.30485220e+01
 1.29676510e+01
 6.63767800e+00
 7.71140540e-01
 -1.21621760e-03
 -5.94821920e-02
 3.23488810e-02
 -1.76811300e-02
 2.32172630e-03
 -3.96473750e-02
 -7.75257240e-02
 8.57931780e-03
 -3.10695620e-03
 5.99513940e-02
 4.00852040e-02
 5.26652290e-02
 -3.74438380e-02
 3.37314650e+00
 1.29125200e+01
 1.30248950e+01
 1.31394540e+01
 1.30336850e+01
 8.49883960e+00
 3.83297320e+00
 1.60529030e+00
 3.86406720e-01
 8.79555800e-02
 -3.69667560e-02
 1.58271580e-02
 7.03269590e-02
 2.00562330e-02
 4.64830140e-02
 -8.02901100e-02
 3.30768120e-02
 1.06925110e-01
