 -6.10471890e-19
 -5.82178630e-06
 1.66010470e+01
 1.30164710e+01
 1.29753250e+01
 5.46227310e+00
 5.57785310e-01
 1.50836960e-02
 9.00264810e-05
 -2.49915030e-07
 -4.06827470e-09
 -1.97566790e-11
 -6.87956070e-14
 -1.91775900e-16
 -4.45982180e-19
 -9.05704520e-22
 -1.65832060e-24
 -2.80018750e-27
 -4.43299860e-30
 -6.66105570e-33
 -9.83429930e-31
 -1.66060280e-09
 3.41881650e+00
 1.29759110e+01
 1.29830460e+01
 7.72479830e+00
 3.49533020e+00
 1.48305400e+00
 3.78522500e-01
 3.84081630e-02
 1.21346220e-03
 7.88705020e-07
 -8.54771960e-07
 -3.13976100e-08
 -7.56950160e-10
 -1.47878730e-11
 -2.66260270e-13
 -4.36601840e-15
 -6.55001730e-17
 -9.12522830e-19
