  -1.7498315e-18
  -9.9926105e-05
   1.6588197e+01
   1.3016976e+01
   1.2974684e+01
   5.4620100e+00
   5.5903173e-01
   1.5510806e-02
   7.4518280e-05
  -1.6617271e-06
  -2.3107083e-08
  -1.3027280e-10
  -5.1342012e-13
  -1.6396898e-15
  -4.3873473e-18
  -1.0297153e-20
  -2.1889559e-23
  -4.3107299e-26
  -7.9934001e-29
  -1.4125878e-31
  -2.6853625e-30
  -4.7092482e-09
   3.4164518e+00
   1.2975213e+01
   1.2982624e+01
   7.7239707e+00
   3.4954484e+00
   1.4834201e+00
   3.7904246e-01
   3.9240677e-02
   1.1885763e-03
  -4.4997092e-05
  -4.9775923e-06
  -2.1230055e-07
  -6.1388661e-09
  -1.4018675e-10
  -2.8792799e-12
  -5.4773307e-14
  -9.5869007e-16
  -1.5642088e-17
