  -6.1047189e-19
  -5.8217863e-06
   1.6601047e+01
   1.3016471e+01
   1.2975325e+01
   5.4622731e+00
   5.5778531e-01
   1.5083696e-02
   9.0026481e-05
  -2.4991503e-07
  -4.0682747e-09
  -1.9756679e-11
  -6.8795607e-14
  -1.9177590e-16
  -4.4598218e-19
  -9.0570452e-22
  -1.6583206e-24
  -2.8001875e-27
  -4.4329986e-30
  -6.6610557e-33
  -9.8342993e-31
  -1.6606028e-09
   3.4188165e+00
   1.2975911e+01
   1.2983046e+01
   7.7247983e+00
   3.4953302e+00
   1.4830540e+00
   3.7852250e-01
   3.8408163e-02
   1.2134622e-03
   7.8870502e-07
  -8.5477196e-07
  -3.1397610e-08
  -7.5695016e-10
  -1.4787873e-11
  -2.6626027e-13
  -4.3660184e-15
  -6.5500173e-17
  -9.1252283e-19
