   7.9903194239521862E-024
   6.7108339615832413E-005
   16.702155509851590     
   13.016826312857528     
   12.971811335721332     
   5.3594737366690666     
  0.53609858702529722     
   1.4346652392718463E-002
   9.7495697237205676E-005
   1.6869898150824751E-007
   9.6814820991440345E-011
   3.5922551873639592E-014
   8.9777609495367627E-018
   1.6851129398937765E-021
   2.5715595732828496E-025
   3.3629823690765730E-029
   3.9081573954398515E-033
   4.1415079708550829E-037
   4.0783451607918526E-041
   3.7850843918876962E-045
   8.8005928877741479E-040
   2.3207821530300383E-012
   3.3871270933115354     
   12.975270672840303     
   12.980700791385761     
   7.6706407152857894     
   3.5014882094067232     
   1.5174871430418904     
  0.41046748202404543     
   4.6650530686448359E-002
   1.8083437953407000E-003
   2.8671929225323420E-005
   2.3557008599832841E-007
   1.2026849667461432E-009
   5.1798988810021953E-012
   1.9264443689679039E-014
   6.0570624940784207E-017
   1.6626464582746837E-019
   4.0915866517405136E-022
   9.2125013610032562E-025
