   2.3793029e-02
   7.0664074e-02
   1.6606254e+01
   1.3014025e+01
   1.3060357e+01
   5.4369470e+00
   5.5751663e-01
   6.0983161e-02
   7.5878715e-03
   7.0246825e-02
   5.1706077e-02
   1.4578514e-02
  -3.8884927e-02
   2.8334805e-02
  -6.9131058e-02
   1.2223734e-02
   4.0421940e-02
   1.0652085e-02
   4.3983858e-02
   1.0194381e-01
   4.6196622e-02
   1.3345872e-02
   3.4520459e+00
   1.2997248e+01
   1.2917278e+01
   7.7041196e+00
   3.5566221e+00
   1.4808974e+00
   4.0760899e-01
  -1.2194371e-02
   4.4803931e-03
   3.0031197e-02
  -6.8075635e-02
   1.7379632e-02
  -9.0921609e-03
  -4.6976738e-02
  -1.8766594e-03
  -9.4815225e-02
  -1.0639884e-01
  -5.8846167e-02
