 2.37930290e-02
 7.06640740e-02
 1.66062540e+01
 1.30140250e+01
 1.30603570e+01
 5.43694700e+00
 5.57516630e-01
 6.09831610e-02
 7.58787150e-03
 7.02468250e-02
 5.17060770e-02
 1.45785140e-02
 -3.88849270e-02
 2.83348050e-02
 -6.91310580e-02
 1.22237340e-02
 4.04219400e-02
 1.06520850e-02
 4.39838580e-02
 1.01943810e-01
 4.61966220e-02
 1.33458720e-02
 3.45204590e+00
 1.29972480e+01
 1.29172780e+01
 7.70411960e+00
 3.55662210e+00
 1.48089740e+00
 4.07608990e-01
 -1.21943710e-02
 4.48039310e-03
 3.00311970e-02
 -6.80756350e-02
 1.73796320e-02
 -9.09216090e-03
 -4.69767380e-02
 -1.87665940e-03
 -9.48152250e-02
 -1.06398840e-01
 -5.88461670e-02
