  -2.5057446e-20
  -1.5617884e-07
   7.2280462e-02
   9.4040503e-01
   1.0336102e+00
   1.0015149e+00
   1.0000139e+00
   9.9140537e-01
   4.2109034e-01
   1.6287014e-02
   8.4069676e-05
  -1.4836341e-07
  -2.2765671e-09
  -1.0258372e-11
  -3.4700553e-14
  -9.4534964e-17
  -2.1656975e-19
  -4.3532629e-22
  -7.9126053e-25
  -1.3288899e-27
  -2.7563735e-32
  -4.5075292e-12
  -1.9668791e-06
   3.5822456e-02
   6.5255100e-01
   9.8470410e-01
   9.9985996e-01
   9.9915058e-01
   9.3546679e-01
   6.6408418e-01
   2.0114105e-01
   1.9935998e-02
   6.1613077e-04
   1.6948403e-06
  -3.4614135e-07
  -1.2844247e-08
  -3.0664383e-10
  -6.0359658e-12
  -1.0930421e-13
  -1.7906857e-15
