  -7.2026383e-20
  -1.8780055e-06
   7.2941938e-02
   9.4022452e-01
   1.0335593e+00
   1.0015804e+00
   1.0000087e+00
   9.9126797e-01
   4.2108000e-01
   1.6535544e-02
   7.3253469e-05
  -1.0935590e-06
  -1.3286294e-08
  -6.8950241e-11
  -2.6370862e-13
  -8.2208734e-16
  -2.1648263e-18
  -5.0259333e-21
  -1.0602025e-23
  -2.0760949e-26
  -7.5259007e-32
  -1.2966474e-11
  -1.4945426e-05
   3.6635244e-02
   6.5300664e-01
   9.8407138e-01
   9.9991254e-01
   9.9914539e-01
   9.3535074e-01
   6.6397307e-01
   2.0112473e-01
   2.0328146e-02
   6.1745068e-04
  -1.6749537e-05
  -2.0361801e-06
  -8.6818924e-08
  -2.4913966e-09
  -5.6933845e-11
  -1.1828273e-12
  -2.2511292e-14
