   1.2499735750867240E-034
   2.2265630916832643E-009
   1.7330033525445796E-002
  0.92168175344127190     
   1.0377348542746485     
   1.0004636899240542     
   1.0000000403611708     
  0.99901457113922454     
  0.52628424284975572     
   1.1815307362927720E-002
   1.8306549934944832E-006
   6.2210021690015519E-012
   1.5384438566315656E-016
   1.6244684249178101E-021
   9.4008348956272142E-027
   3.5230852606664766E-032
   9.5584949158205917E-038
   2.0274071582090147E-043
   3.5502701521578059E-049
   5.3405613117052333E-055
   3.5812803878142159E-052
   7.6574603815568036E-020
   1.1174573736796057E-007
   1.2616786900236120E-002
  0.65731687908500880     
  0.99581413758645732     
  0.99999963489074650     
  0.99989104795923833     
  0.94587668191055674     
  0.70449912312681806     
  0.18252268100313218     
   7.9301791180152181E-003
   2.1036981772205139E-005
   6.8734971812909106E-010
   2.8507258287436779E-013
   1.1236342566207887E-016
   2.9520957796723945E-020
   5.6212769107970596E-024
   8.2853577871469314E-028
   9.9397837805704975E-032
