  -4.9526611e-02
  -5.8650717e-02
  -1.4179410e-02
   9.5482795e-01
   9.5391838e-01
   1.0070043e+00
   1.0393698e+00
   9.9127804e-01
   4.2577061e-01
  -2.6858135e-03
  -7.4043947e-02
  -2.1908110e-03
   4.8041261e-02
   8.6912247e-02
  -2.1510312e-02
  -8.1366137e-02
   8.3173746e-03
   1.8813296e-02
  -1.1347523e-02
  -5.7445614e-02
   1.0121663e-01
  -1.1797618e-01
  -2.5492266e-02
  -3.0498901e-02
   6.2045844e-01
   1.0008066e+00
   1.0067363e+00
   9.6360942e-01
   9.7429921e-01
   6.9524001e-01
   2.3355900e-01
  -1.5061703e-03
   5.3058563e-02
   3.3043597e-02
   1.2543868e-01
   5.3172982e-02
   5.7846083e-02
   2.6489414e-03
  -6.4419300e-02
  -1.8561062e-02
