  -4.6639978e-19
  -1.2105754e-05
   3.8457061e-01
   5.4354303e-01
   1.0845524e-02
   7.2521465e-06
  -8.4333605e-07
  -7.8628047e-09
  -3.7286972e-11
  -1.3669137e-13
  -4.1110408e-16
  -1.0538887e-18
  -2.3971626e-21
  -4.9768321e-24
  -9.6236213e-27
  -1.7590323e-29
  -3.0729567e-32
  -5.1741701e-35
  -8.4520906e-38
  -1.3464787e-40
  -5.5918770e-31
  -1.6305670e-10
  -5.1905711e-05
   1.8256946e-01
   6.4387154e-01
   1.9398478e-01
   1.6950765e-02
   3.9672104e-04
  -1.9998406e-05
  -1.7936179e-06
  -7.0591320e-08
  -1.9385660e-09
  -4.3160608e-11
  -8.8147162e-13
  -1.6515365e-14
  -2.8505470e-16
  -4.5974706e-18
  -7.0131704e-20
  -1.0215535e-21
  -1.4316450e-23
