  -1.6252438e-19
  -5.3980153e-07
   3.8477926e-01
   5.4502710e-01
   1.0357402e-02
   2.7286568e-05
  -1.4494467e-07
  -1.3113242e-09
  -5.4196833e-12
  -1.7545495e-14
  -4.6072559e-17
  -1.0263900e-19
  -2.0190957e-22
  -3.6081456e-25
  -5.9778984e-28
  -9.3213026e-31
  -1.3835263e-33
  -1.9718212e-36
  -2.7171541e-39
  -3.6416680e-42
  -2.0479188e-31
  -5.8432515e-11
   5.6007439e-05
   1.8148257e-01
   6.4384086e-01
   1.9438544e-01
   1.6409621e-02
   4.1439249e-04
  -1.2618134e-06
  -3.0532833e-07
  -1.0138879e-08
  -2.3213703e-10
  -4.4703983e-12
  -7.9476894e-14
  -1.2806808e-15
  -1.8929088e-17
  -2.6048726e-19
  -3.3786365e-21
  -4.1709725e-23
  -4.9392034e-25
