   1.4851078086547521E-026
   2.3867679685212675E-006
  0.34642731756753897     
  0.55750407109713529     
   7.2219809003972162E-003
   1.3513999370772427E-005
   6.0314699150039674E-009
   1.1007887780338318E-012
   1.2333524913934202E-016
   9.0219232551734913E-021
   4.9511559877788470E-025
   2.2258832369466660E-029
   8.6682077080716707E-034
   3.0324857200014056E-038
   9.7672635814878691E-043
   2.9464577734288088E-047
   8.4288154886082633E-052
   2.3077631047955013E-056
   6.0905794771565257E-061
   1.5580852779958824E-065
   4.0635240109564726E-043
   4.3721934236393979E-015
   5.2084019521216374E-005
  0.15015131940205995     
  0.67771427381421057     
  0.19418452639208292     
   1.3269164371780206E-002
   2.5029102272787745E-004
   1.7478920984724552E-006
   5.7829912837523167E-009
   1.3280508194244187E-011
   2.5811144872398472E-014
   3.9421255696044360E-017
   4.9875116174246581E-020
   5.4657047711331331E-023
   5.3613575797764924E-026
   4.8213325824756017E-029
   4.0452852020988433E-032
   3.2083402691021894E-035
   2.4289805446039868E-038
