  -5.1121223e-03
  -1.2065697e-02
   4.0029254e-01
   5.6148832e-01
  -3.3018739e-02
  -1.4675258e-03
  -8.2439151e-03
   3.1385364e-02
   5.4663283e-02
   5.5463665e-02
  -4.3182641e-02
   3.8679546e-03
  -6.0705852e-02
  -5.5675037e-02
  -3.4246641e-04
   7.6631515e-02
  -3.8483296e-02
   1.8568941e-02
  -1.1279220e-02
   5.5867807e-02
  -5.4453215e-02
   1.6278732e-03
   2.7757489e-02
   2.3589760e-01
   7.2117098e-01
   1.9886099e-01
  -5.8364738e-02
  -3.6677842e-02
  -5.3074090e-02
   1.1752289e-01
  -3.0780094e-02
   3.7403839e-02
  -9.6209255e-03
   4.4430521e-02
  -3.8242462e-02
  -7.0113448e-02
  -7.1118796e-02
   2.4409695e-02
  -8.8687578e-03
  -9.8026744e-03
