  -6.1047189e-19
   3.6656304e-02
   1.3116412e+01
   2.8465977e+00
   5.2744350e-02
   6.5036405e-05
  -6.2866227e-08
  -7.1773265e-11
  -3.3585942e-14
  -1.0579036e-17
  -2.4890403e-21
  -4.7936138e-25
  -8.0004540e-29
  -1.2010625e-32
  -1.6636630e-36
  -9.8342993e-31
  -1.5602425e-05
   1.2787514e+01
   5.7642964e+00
   1.9981777e+00
   3.4471745e-01
   1.0851687e-02
   2.2908628e-05
  -5.9116990e-07
  -5.4146803e-09
  -2.8153637e-11
  -1.2021034e-13
  -4.3334562e-16
  -1.3464461e-18
  -3.7285881e-21
