   7.0580831055992353E-022
  0.10048184340783779     
   13.112237919187294     
   2.7528656162469907     
   5.0796973645802108E-002
   8.3299088215719590E-005
   1.3376654136686403E-008
   5.5455759354322306E-013
   1.2372619009907581E-017
   1.7474240296755301E-022
   1.8284545348416580E-027
   1.5554008525646460E-032
   1.1401599848595160E-037
   7.4841297110888216E-043
   4.5167384968819040E-048
   2.3479207756430559E-036
   7.9058760394139806E-006
   12.767902950910402     
   5.7447456899776377     
   1.9114909183639242     
  0.30360491529262479     
   9.1086768160335337E-003
   4.8619186801100280E-005
   8.1296145889149290E-008
   6.8761798603573577E-011
   4.5814209959175207E-014
   2.3116219372004843E-017
   9.4206146796511173E-021
   3.2710185062200755E-024
   1.0045646487131822E-027
