  -2.3328306e-02
   6.9037745e-02
   1.3148567e+01
   2.8404436e+00
   7.2164236e-02
  -3.1668517e-02
   8.4764310e-02
  -3.3253521e-02
   9.7864697e-02
   6.1762474e-02
   3.9253360e-03
   4.0345274e-02
  -5.4587579e-02
  -2.8020916e-02
  -6.2522150e-02
   3.2520802e-02
   2.7640313e-02
   1.2761835e+01
   5.7456617e+00
   2.0262856e+00
   2.9199345e-01
  -2.0219735e-03
  -3.1132361e-02
  -1.1185857e-02
  -7.5006747e-03
  -3.8598247e-02
  -2.7676345e-02
  -2.9652663e-02
  -1.5764964e-02
  -1.8301474e-02
