  -1.6252438e-19
   1.8428162e-03
   9.1270593e-01
   7.1740911e-03
   2.2925340e-07
  -3.9681357e-09
  -2.4199136e-12
  -9.2057081e-16
  -2.4764972e-19
  -5.2419618e-23
  -9.3724766e-27
  -1.4816407e-30
  -2.1353355e-34
  -2.8663319e-38
  -3.6416680e-42
  -2.0479188e-31
  -5.5791227e-08
   5.5039509e-02
   6.2251976e-01
   7.8126138e-02
   1.0207965e-03
  -1.8579729e-06
  -5.9574972e-08
  -4.0400053e-10
  -1.9001450e-12
  -7.5994453e-15
  -2.5642828e-17
  -7.5691907e-20
  -2.0140990e-22
  -4.9392034e-25
