  -4.6639978e-19
   1.7250245e-03
   9.1238806e-01
   7.5277925e-03
  -5.8413457e-06
  -2.3070392e-08
  -1.6918791e-11
  -7.6707693e-15
  -2.4916264e-18
  -6.4241884e-22
  -1.4113690e-25
  -2.7640824e-29
  -4.9723490e-33
  -8.3875640e-37
  -1.3464787e-40
  -5.5918770e-31
  -1.6026222e-07
   5.6578711e-02
   6.2202921e-01
   7.8492262e-02
   1.0608951e-03
  -1.5776684e-05
  -3.7743305e-07
  -3.2918080e-09
  -1.8861306e-11
  -9.1808924e-14
  -3.8185660e-16
  -1.3988073e-18
  -4.6482373e-21
  -1.4316450e-23
