   3.7896119061939444E-027
   2.7352252066206980E-003
  0.73803688898954423     
   2.6477174277323329E-004
   2.0927161540030933E-010
   7.3399564548872868E-017
   1.3654439381211422E-023
   1.2947188664763172E-030
   7.6096217157729238E-038
   3.1849343958915612E-045
   1.0415110049775783E-052
   2.8335118175215416E-060
   6.6992670783849170E-068
   1.4199684639799223E-075
   2.7602163181982421E-083
   4.0138388050380627E-047
   2.1435963688704886E-011
   3.0800907463588090E-002
  0.67614311268809946     
   5.0876875248539170E-002
   1.7628110334807248E-004
   2.4386866758468518E-008
   4.1698078657758169E-013
   1.8768814787616851E-017
   6.0494740417770819E-022
   1.4501869412886501E-026
   2.7309722451541474E-031
   4.2388279089103342E-036
   5.6339390140640550E-041
   6.6055190627077770E-046
