  -2.1131485e-02
   3.0858277e-02
   9.0376404e-01
   3.6687690e-03
   8.0364527e-02
  -1.0842467e-01
  -1.3561822e-02
  -5.3377117e-03
  -9.3418708e-02
   3.8682141e-02
   1.4193898e-02
   1.0982152e-01
   9.3763368e-03
   5.0811247e-02
   5.5593715e-02
   6.6847321e-02
   4.7966631e-03
   4.5252994e-02
   6.0346035e-01
   8.4057896e-02
  -4.3924779e-02
  -2.7488643e-02
   3.0049859e-02
  -8.4500514e-02
  -5.8430956e-02
   7.4837335e-02
   8.2800624e-02
   4.4247940e-02
  -1.0893909e-01
   1.0587064e-01
