 9.03585428e-01
 4.31872433e+00
 4.96790505e+00
 5.28419557e+00
 5.85775216e+00
 5.35090232e+00
 5.41619482e+00
 5.81879953e+00
 5.19789685e+00
 5.52987732e+00
 5.78805102e+00
 5.12353266e+00
 5.64408551e+00
 5.71680897e+00
 2.20704657e+00
 5.97708774e+00
 6.59752378e+00
 6.77789908e+00
 7.36097971e+00
 6.90144276e+00
 6.92042774e+00
 7.39281306e+00
 6.79951215e+00
 7.04209411e+00
 7.35804383e+00
 6.73897012e+00
 7.15958279e+00
 7.30337544e+00
 3.13712562e+00
 6.85736826e+00
 7.47349337e+00
 7.50467244e+00
 8.01754958e+00
 7.78229625e+00
 7.63714444e+00
 8.08367945e+00
 7.67376720e+00
 7.72130161e+00
 8.07002776e+00
 7.59054877e+00
 7.80955269e+00
 8.02484533e+00
 3.80217499e+00
 7.33623850e+00
 7.97921001e+00
 7.84715312e+00
 8.24238502e+00
 8.19711025e+00
 7.88604843e+00
 8.31124901e+00
 8.11073907e+00
 7.94701211e+00
 8.33814640e+00
 8.00952818e+00
 8.05269080e+00
 8.35575069e+00
 4.33452070e+00
 7.66798490e+00
 8.30061849e+00
 8.07900049e+00
 8.41367953e+00
 8.46605627e+00
 8.06265440e+00
 8.48072684e+00
 8.40116091e+00
 8.09446507e+00
 8.51494441e+00
 8.32977870e+00
 8.17668211e+00
 8.54539889e+00
 4.73310886e+00
 7.88404285e+00
 8.47307102e+00
 8.28573476e+00
 8.53092514e+00
 8.66410420e+00
 8.25557326e+00
 8.57720997e+00
 8.59616975e+00
 8.25778826e+00
 8.62734442e+00
 8.55021439e+00
 8.28590260e+00
 8.66139939e+00
 5.10433026e+00
 8.02601725e+00
 8.59359196e+00
 8.46606479e+00
 8.59457252e+00
 8.74304162e+00
 8.40927766e+00
 8.63983142e+00
 8.74060627e+00
 8.38208364e+00
 8.71012984e+00
 8.69172381e+00
 8.40767026e+00
 8.72981723e+00
 5.40394466e+00
 8.14453948e+00
 8.69436930e+00
 8.58195261e+00
 8.62088820e+00
 8.82032757e+00
 8.52212686e+00
 8.67589590e+00
 8.80010163e+00
 8.46515077e+00
 8.73799289e+00
 8.77418912e+00
 8.44557766e+00
 8.76874857e+00
 5.64547144e+00
 8.20899013e+00
 8.72494222e+00
 8.68763487e+00
 8.61341237e+00
 8.84615626e+00
 8.62366056e+00
 8.67529775e+00
 8.82690528e+00
 8.53434861e+00
 8.72242890e+00
 8.81216242e+00
 8.47435519e+00
 8.78934013e+00
 5.87329045e+00
 8.30613597e+00
 8.75382980e+00
 8.75770550e+00
 8.62375056e+00
 8.83626537e+00
 8.69816778e+00
 8.68263616e+00
 8.85615392e+00
 8.59928118e+00
 8.73943041e+00
 8.86312597e+00
 8.50999372e+00
 8.76392395e+00
 6.08559862e+00
 8.38316334e+00
 8.79097157e+00
 8.82766557e+00
 8.62292219e+00
 8.86396369e+00
 8.76216033e+00
 8.67644241e+00
 8.87585532e+00
 8.69257944e+00
 8.73994584e+00
 8.86770652e+00
 8.59018677e+00
 8.78123258e+00
 6.24637345e+00
 8.43440345e+00
 8.81257323e+00
 8.85756646e+00
 8.63200581e+00
 8.89315961e+00
 8.83228710e+00
 8.69833498e+00
 8.87412508e+00
 8.76822955e+00
 8.75080428e+00
 8.89155741e+00
 8.67058653e+00
 8.81013058e+00
 6.41661514e+00
 8.48491333e+00
 8.85036560e+00
 8.90494866e+00
 8.67250425e+00
 8.90795560e+00
 8.88387975e+00
 8.71757654e+00
 8.91742635e+00
 8.83506066e+00
 8.77414084e+00
 8.91607335e+00
 8.75768316e+00
 8.81662675e+00
 6.56725282e+00
 8.53316749e+00
 8.87598845e+00
 8.94438345e+00
 8.70679428e+00
 8.92901578e+00
 8.93846229e+00
 8.75395064e+00
 8.92646082e+00
 8.90753341e+00
 8.80336079e+00
 8.93443655e+00
 8.84039588e+00
 8.85346942e+00
