  0.90358542792396968     
   4.3187243283337944     
   4.9679050466250665     
   5.2841955668824152     
   5.8577521576984637     
   5.3509023211084479     
   5.4161948186867601     
   5.8187995260961767     
   5.1978968549384890     
   5.5298773231626788     
   5.7880510202204452     
   5.1235326619205148     
   5.6440855138104329     
   5.7168089740156987     
   2.2070465657521137     
   5.9770877394355235     
   6.5975237792494568     
   6.7778990795985692     
   7.3609797073628469     
   6.9014427620952388     
   6.9204277380149763     
   7.3928130570937789     
   6.7995121458948633     
   7.0420941148296601     
   7.3580438260367877     
   6.7389701249873717     
   7.1595827856629430     
   7.3033754413335554     
   3.1371256181249549     
   6.8573682551477155     
   7.4734933727140396     
   7.5046724434061387     
   8.0175495809220418     
   7.7822962474744219     
   7.6371444437989453     
   8.0836794461189445     
   7.6737672001689434     
   7.7213016108747663     
   8.0700277558680611     
   7.5905487747371359     
   7.8095526944983629     
   8.0248453263999409     
   3.8021749941571219     
   7.3362385019497278     
   7.9792100120753524     
   7.8471531236208625     
   8.2423850156161613     
   8.1971102529225313     
   7.8860484305600185     
   8.3112490134344608     
   8.1107390729000439     
   7.9470121137344112     
   8.3381463990642466     
   8.0095281752352445     
   8.0526908036043139     
   8.3557506885438340     
   4.3345206956805713     
   7.6679849000631970     
   8.3006184890323258     
   8.0790004935509288     
   8.4136795343716564     
   8.4660562676956310     
   8.0626543975656926     
   8.4807268387785086     
   8.4011609054375658     
   8.0944650681122461     
   8.5149444086824868     
   8.3297786971846239     
   8.1766821096395876     
   8.5453988876947022     
   4.7331088552778553     
   7.8840428549602315     
   8.4730710173814323     
   8.2857347648622035     
   8.5309251373595441     
   8.6641042014084153     
   8.2555732607851642     
   8.5772099665952517     
   8.5961697483959725     
   8.2577882641024587     
   8.6273444180137027     
   8.5502143936311779     
   8.2859025954804526     
   8.6613993940058229     
   5.1043302607406540     
   8.0260172506799314     
   8.5935919574622783     
   8.4660647874556378     
   8.5945725238595276     
   8.7430416196998042     
   8.4092776562817608     
   8.6398314227433879     
   8.7406062680619776     
   8.3820836416803353     
   8.7101298416462658     
   8.6917238100987184     
   8.4076702563238523     
   8.7298172278527879     
   5.4039446627938972     
   8.1445394824632338     
   8.6943692958269025     
   8.5819526104194086     
   8.6208882026374098     
   8.8203275676717059     
   8.5221268573699724     
   8.6758958968236666     
   8.8001016250777155     
   8.4651507746860464     
   8.7379928894017027     
   8.7741891174131617     
   8.4455776603897892     
   8.7687485665923131     
   5.6454714356232767     
   8.2089901338480686     
   8.7249422215694032     
   8.6876348712910261     
   8.6134123707032586     
   8.8461562642200064     
   8.6236605585537500     
   8.6752977453313083     
   8.8269052835326871     
   8.5343486146808889     
   8.7224288983440417     
   8.8121624200103348     
   8.4743551940798927     
   8.7893401298297977     
   5.8732904483524777     
   8.3061359656919613     
   8.7538297969338608     
   8.7577054996873969     
   8.6237505614728018     
   8.8362653718938855     
   8.6981677846234895     
   8.6826361597542547     
   8.8561539237856284     
   8.5992811836821534     
   8.7394304063400110     
   8.8631259659984156     
   8.5099937161793289     
   8.7639239461369733     
   6.0855986195276994     
   8.3831633359489413     
   8.7909715689840180     
   8.8276655715097618     
   8.6229221882886815     
   8.8639636892660771     
   8.7621603291184051     
   8.6764424102082565     
   8.8758553216462381     
   8.6925794354192316     
   8.7399458433099593     
   8.8677065241308739     
   8.5901867743773561     
   8.7812325782360716     
   6.2463734531897002     
   8.4344034525805842     
   8.8125732318102195     
   8.8575664607306788     
   8.6320058146360630     
   8.8931596096249201     
   8.8322870980443682     
   8.6983349784164528     
   8.8741250756888341     
   8.7682295501727889     
   8.7508042809511490     
   8.8915574115493659     
   8.6705865330745286     
   8.8101305799150147     
   6.4166151433154983     
   8.4849133305503202     
   8.8503655978932070     
   8.9049486568886707     
   8.6725042458971249     
   8.9079556028075757     
   8.8838797513986183     
   8.7175765366323255     
   8.9174263543728340     
   8.8350606558678599     
   8.7741408381511157     
   8.9160733467689628     
   8.7576831561593771     
   8.8166267451304581     
   6.5672528237169701     
   8.5331674883633859     
   8.8759884542258654     
   8.9443834481773585     
   8.7067942833402832     
   8.9290157788304754     
   8.9384622866660930     
   8.7539506416448685     
   8.9264608218858719     
   8.9075334060580076     
   8.8033607881073994     
   8.9344365532782053     
   8.8403958766813258     
   8.8534694198103754     
