 8.98207170e-01
 4.28970330e+00
 5.02164070e+00
 5.37911530e+00
 5.90959770e+00
 5.46022880e+00
 5.49598650e+00
 5.88330560e+00
 5.32605980e+00
 5.64066590e+00
 5.84503610e+00
 5.25384890e+00
 5.75430340e+00
 5.80653450e+00
 2.18996350e+00
 6.00060770e+00
 6.71646050e+00
 6.98468950e+00
 7.54526780e+00
 7.12152800e+00
 7.14370450e+00
 7.52054020e+00
 6.98759240e+00
 7.23834860e+00
 7.48814850e+00
 6.92840770e+00
 7.35344910e+00
 7.42873050e+00
 3.16332560e+00
 6.88434020e+00
 7.53309930e+00
 7.65535460e+00
 8.16806260e+00
 7.96165880e+00
 7.77891910e+00
 8.21105980e+00
 7.83996780e+00
 7.89205050e+00
 8.19270780e+00
 7.77717170e+00
 7.98865520e+00
 8.14810630e+00
 3.76827250e+00
 7.49526320e+00
 8.13953290e+00
 8.10058270e+00
 8.47536200e+00
 8.39982580e+00
 8.13373140e+00
 8.48952240e+00
 8.33344490e+00
 8.19822670e+00
 8.52209850e+00
 8.25129780e+00
 8.27773330e+00
 8.49994700e+00
 4.26337840e+00
 7.83670300e+00
 8.39656320e+00
 8.31735010e+00
 8.57595400e+00
 8.60067240e+00
 8.30823770e+00
 8.62100940e+00
 8.57245900e+00
 8.34058000e+00
 8.65053210e+00
 8.51865120e+00
 8.40159900e+00
 8.65395260e+00
 4.70551370e+00
 8.02611220e+00
 8.60718350e+00
 8.54162680e+00
 8.68320270e+00
 8.78526060e+00
 8.51250360e+00
 8.73461040e+00
 8.75683120e+00
 8.49855770e+00
 8.76297160e+00
 8.72677300e+00
 8.55692220e+00
 8.77957730e+00
 5.08101250e+00
 8.17744110e+00
 8.68039740e+00
 8.66143950e+00
 8.74453180e+00
 8.86752790e+00
 8.63813860e+00
 8.76495530e+00
 8.84710450e+00
 8.59606430e+00
 8.80520320e+00
 8.81749460e+00
 8.59131010e+00
 8.82575750e+00
 5.39379100e+00
 8.30260180e+00
 8.77275310e+00
 8.73861120e+00
 8.76083950e+00
 8.88807560e+00
 8.70935840e+00
 8.78724050e+00
 8.89304060e+00
 8.64181630e+00
 8.81235690e+00
 8.88698370e+00
 8.64386670e+00
 8.83924450e+00
 5.72490090e+00
 8.36843920e+00
 8.76157070e+00
 8.78260730e+00
 8.71925900e+00
 8.88777050e+00
 8.74912840e+00
 8.76065290e+00
 8.90772860e+00
 8.68700840e+00
 8.78460740e+00
 8.90714600e+00
 8.63005860e+00
 8.83033870e+00
 5.98703290e+00
 8.43233750e+00
 8.81275700e+00
 8.81556520e+00
 8.68206420e+00
 8.87903240e+00
 8.79295780e+00
 8.71767100e+00
 8.89546050e+00
 8.70725430e+00
 8.77840860e+00
 8.89787370e+00
 8.62250910e+00
 8.81072490e+00
 6.19623750e+00
 8.47214440e+00
 8.80709390e+00
 8.84348480e+00
 8.67941260e+00
 8.88957960e+00
 8.80465450e+00
 8.73015500e+00
 8.89767280e+00
 8.74584840e+00
 8.78364250e+00
 8.90303120e+00
 8.68095450e+00
 8.81648110e+00
 6.35332660e+00
 8.50795480e+00
 8.83769440e+00
 8.89197990e+00
 8.69038970e+00
 8.89401650e+00
 8.84847860e+00
 8.73811870e+00
 8.90702720e+00
 8.79656730e+00
 8.78228650e+00
 8.92153230e+00
 8.72789190e+00
 8.82502410e+00
 6.59265780e+00
 8.55538140e+00
 8.86250140e+00
 8.93283090e+00
 8.69937650e+00
 8.91434610e+00
 8.92081040e+00
 8.73314850e+00
 8.92148870e+00
 8.87292070e+00
 8.79559190e+00
 8.93080630e+00
 8.79865160e+00
 8.83229210e+00
 6.72687580e+00
 8.62116180e+00
 8.87363740e+00
 8.96435310e+00
 8.73686810e+00
 8.93981470e+00
 8.94787930e+00
 8.78190950e+00
 8.93341700e+00
 8.93099960e+00
 8.82953630e+00
 8.94898080e+00
 8.85813690e+00
 8.85310700e+00
