  -1.7498315e-18
   3.4466026e-02
   1.3138374e+01
   1.2999995e+01
   1.3000000e+01
   9.0296540e+00
   5.0998236e-01
   2.6022595e-03
  -3.5389210e-06
  -1.3962970e-08
  -1.0443145e-11
  -4.7542855e-15
  -1.5384106e-18
  -3.9504205e-22
  -8.6485365e-26
  -2.6853625e-30
  -4.4330409e-05
   1.2795452e+01
   1.3000008e+01
   1.3000000e+01
   1.0249365e+01
   3.4152739e+00
   9.4697838e-01
   7.7372250e-02
   7.2860479e-04
  -2.0259813e-05
  -3.9153503e-07
  -3.2193330e-09
  -1.7901627e-11
  -8.5479108e-14
