  -6.1047189e-19
   3.6656304e-02
   1.3135052e+01
   1.3000000e+01
   1.3000000e+01
   9.0315242e+00
   5.0873403e-01
   2.5146630e-03
  -1.5319837e-07
  -2.4210508e-09
  -1.4993632e-12
  -5.7023113e-16
  -1.5253356e-19
  -3.2113768e-23
  -5.7161537e-27
  -9.8342993e-31
  -1.5602425e-05
   1.2800245e+01
   1.3000000e+01
   1.3000000e+01
   1.0250903e+01
   3.4151326e+00
   9.4647772e-01
   7.6402682e-02
   7.8636598e-04
  -3.0924673e-06
  -5.9898213e-08
  -3.8530312e-10
  -1.7656640e-12
  -6.9295961e-15
