   2.2193547422878869E-025
   2.8284712722103429E-002
   13.114045993090459     
   13.000000332081235     
   13.000000051996350     
   8.9235698256606284     
  0.44962233270889784     
   1.6780750381362986E-003
   4.0706914107538584E-007
   9.4007724052879147E-012
   8.0483701220694670E-017
   3.3671155281306792E-022
   9.0514326704225205E-028
   1.8232177338017018E-033
   3.0129529268470821E-039
   1.0563334957613325E-042
   1.6947871922459922E-007
   12.832266717777600     
   12.999999196890784     
   13.000000051995077     
   10.181214930118543     
   3.4391000989667968     
   1.0366142017159774     
  0.10211036040032996     
   1.3636353710653293E-003
   3.0769283901385576E-006
   2.0844095222147006E-009
   8.8220450096681085E-013
   2.6867019680971979E-016
   5.9698052101255026E-020
