   6.4737271e-02
   1.0376202e-02
   1.3125407e+01
   1.3034590e+01
   1.2984324e+01
   8.9550456e+00
   4.8661199e-01
  -6.7540230e-02
  -1.6371003e-02
   4.8139096e-03
  -1.0556531e-01
  -4.0392652e-02
  -6.6479077e-03
   3.6646489e-02
  -4.1325100e-02
  -2.7364711e-02
   7.6147635e-02
   1.2815445e+01
   1.3045732e+01
   1.3072011e+01
   1.0274866e+01
   3.4496701e+00
   9.3967247e-01
   1.5685463e-01
  -5.9389280e-02
  -6.1861977e-03
  -3.4332515e-02
  -1.3718458e-03
  -7.3295868e-02
  -4.2415615e-03
