  -4.6639971e-19
   1.9320954e-03
   6.1981555e+00
   5.0018145e+00
   4.9999982e+00
   4.6942536e+00
   4.7830275e-01
   2.2172435e-03
  -2.9472090e-06
  -1.0049588e-08
  -7.1547523e-12
  -3.1818966e-15
  -1.0136880e-18
  -2.5767441e-22
  -5.6021023e-26
  -5.5918767e-31
  -2.5104810e-07
   1.4218339e+00
   4.9956346e+00
   5.0000045e+00
   4.8729410e+00
   2.6779775e+00
   8.1171485e-01
   6.2707923e-02
   5.3831721e-04
  -1.5221982e-05
  -2.8301537e-07
  -2.2783721e-09
  -1.2584468e-11
  -5.9791296e-14
