  -1.6252436e-19
   2.2074009e-03
   6.2018927e+00
   5.0018294e+00
   4.9999997e+00
   4.6957373e+00
   4.7768564e-01
   2.1500208e-03
  -1.7842220e-07
  -1.7171404e-09
  -1.0151076e-12
  -3.7683968e-16
  -9.9229657e-20
  -2.0675057e-23
  -3.6534229e-27
  -2.0479188e-31
  -8.7707024e-08
   1.4264513e+00
   4.9955851e+00
   5.0000008e+00
   4.8735265e+00
   2.6784596e+00
   8.1147486e-01
   6.1909721e-02
   5.8979141e-04
  -2.3353745e-06
  -4.2938992e-08
  -2.7020643e-10
  -1.2326746e-12
  -4.8047607e-15
