   4.5183052388571141E-026
   1.2808869876434095E-003
   6.3336766693358548     
   5.0013256148714804     
   5.0000000520890930     
   4.6806617129545458     
  0.48878646111647989     
   2.3834534293987104E-003
   7.8144934631849700E-007
   2.6272118378553473E-011
   3.5307129289312361E-016
   2.3976438460876328E-021
   1.0557365553587048E-026
   3.4873443435956272E-032
   9.4357381100495911E-038
   1.9701974969328453E-042
   5.1826904180740150E-010
   1.4524507861315521     
   4.9970136795743061     
   4.9999999477717196     
   4.8577987727020675     
   2.6108835713605605     
  0.84699303309760954     
   7.6487943725593421E-002
   9.3172693693656557E-004
   2.0841415933266630E-006
   1.5006507562424916E-009
   7.0437185505644241E-013
   2.3900622300391054E-016
   6.0068686129363767E-020
