   8.1570444e-02
  -2.3898061e-02
   6.3477608e+00
   4.9882787e+00
   4.9774434e+00
   4.6035638e+00
   4.6821480e-01
  -7.3283419e-03
  -6.6293380e-02
   7.9217703e-02
   7.3542888e-03
   5.5137086e-03
  -6.4207543e-02
  -1.1814301e-02
  -3.6912197e-02
   8.2548810e-02
  -5.4808412e-02
   1.3983928e+00
   5.0102411e+00
   4.9839535e+00
   4.9754276e+00
   2.7100810e+00
   7.5995599e-01
   6.3676198e-02
  -1.6115259e-02
   4.4864427e-02
  -5.5652566e-02
   7.0051675e-02
   1.9329442e-02
   7.3317834e-02
