  -1.7498315e-18
   3.4466026e-02
   1.3138374e+01
   7.4626039e+00
   3.3819970e-01
   1.3086096e-03
  -2.4375946e-06
  -7.0978972e-09
  -4.9200721e-12
  -2.1547844e-15
  -6.7833578e-19
  -1.7097008e-22
  -3.6940495e-26
  -7.1448543e-30
  -1.2731230e-33
  -2.6853625e-30
  -4.4330409e-05
   1.2795452e+01
   9.1498412e+00
   3.0869256e+00
   7.9194181e-01
   5.4430175e-02
   3.4918615e-04
  -1.4681361e-05
  -2.4863131e-07
  -1.9381708e-09
  -1.0551456e-11
  -4.9622398e-14
  -2.0070049e-16
  -7.1972121e-19
