  -6.1047189e-19
   3.6656304e-02
   1.3135052e+01
   7.4637852e+00
   3.3694686e-01
   1.2734139e-03
  -2.8586717e-07
  -1.2055339e-09
  -6.9470708e-13
  -2.5365388e-16
  -6.5957951e-20
  -1.3618522e-23
  -2.3903884e-27
  -3.7262236e-31
  -5.3123117e-35
  -9.8342993e-31
  -1.5602425e-05
   1.2800245e+01
   9.1510517e+00
   3.0867063e+00
   7.9142046e-01
   5.3434637e-02
   4.3076245e-04
  -2.4098566e-06
  -3.7092671e-08
  -2.2671318e-10
  -1.0220360e-12
  -3.9406355e-15
  -1.2915277e-17
  -3.7274961e-20
