   5.6415920193520561E-026
   1.7402992470434059E-002
   13.130460018066685     
   7.5512635083860831     
  0.36805594081955501     
   1.4753455570069357E-003
   3.8783849574259437E-007
   1.0396418719961690E-011
   1.1159376589606160E-016
   6.0444987978184167E-022
   2.1320195232867022E-027
   5.6693279624638339E-033
   1.2404608031459260E-038
   2.3594593568882369E-044
   4.0446762236873191E-050
   3.0783606894117011E-042
   1.7687994678787569E-007
   12.811915593139535     
   9.1451036715266252     
   3.1138883723112203     
  0.86179842643421689     
   6.6664454575883644E-002
   6.5654968062997022E-004
   1.1774301256097543E-006
   6.8291505729745522E-010
   2.7129167653740040E-013
   7.5868133248239663E-017
   1.5694241547376152E-020
   2.6037085020373696E-024
   3.6653175150856153E-028
