   3.4211980e-02
   2.7305457e-02
   1.3203853e+01
   7.5171246e+00
   3.7409471e-01
  -5.3278760e-03
  -6.7946167e-02
  -2.8687469e-03
   2.0495817e-02
  -5.7366719e-02
  -2.2343814e-02
   8.6443366e-04
   2.2535665e-02
   2.7757308e-03
   8.2741344e-02
   3.8300200e-02
   4.0661070e-02
   1.2838447e+01
   9.1451883e+00
   3.0005474e+00
   8.6712702e-01
   3.8644362e-02
   3.2620196e-02
  -1.3581945e-02
   1.5741826e-02
  -2.7499076e-02
  -1.2380528e-02
  -4.3781747e-02
   7.1617615e-02
  -9.7219869e-02
