 6.54904880e-01
 3.19853344e+00
 3.81812691e+00
 3.90056537e+00
 4.05743230e+00
 4.01614417e+00
 4.40772906e+00
 4.89216968e+00
 4.41236992e+00
 4.11894356e+00
 4.10566998e+00
 3.98281437e+00
 4.68277869e+00
 4.83564375e+00
 1.62992168e+00
 4.61029173e+00
 5.18456051e+00
 5.04697851e+00
 5.10735393e+00
 5.11598529e+00
 5.74487330e+00
 6.37516367e+00
 5.67630325e+00
 5.07832766e+00
 5.09172711e+00
 5.25750614e+00
 6.07458656e+00
 6.29127446e+00
 2.30556835e+00
 5.38875298e+00
 5.88665728e+00
 5.49392461e+00
 5.48244604e+00
 5.89384535e+00
 6.65073299e+00
 7.26651131e+00
 6.50703926e+00
 5.45905444e+00
 5.57013235e+00
 6.12945522e+00
 6.93236564e+00
 7.22049074e+00
 2.80541038e+00
 5.85787298e+00
 6.34874403e+00
 5.71043071e+00
 5.65606232e+00
 6.36891203e+00
 7.18020578e+00
 7.74061542e+00
 7.04699383e+00
 5.64224675e+00
 5.82653838e+00
 6.67283753e+00
 7.41380348e+00
 7.69935431e+00
 3.22092389e+00
 6.16971461e+00
 6.71890734e+00
 5.87917926e+00
 5.78946912e+00
 6.63272086e+00
 7.46409650e+00
 7.91958627e+00
 7.34421018e+00
 5.69475900e+00
 6.03576088e+00
 6.92457097e+00
 7.65599430e+00
 7.93837965e+00
 3.52838188e+00
 6.36464197e+00
 6.96562710e+00
 6.05025474e+00
 5.87185129e+00
 6.72137082e+00
 7.53044118e+00
 7.96058581e+00
 7.55227853e+00
 5.86339731e+00
 6.12519764e+00
 7.02435389e+00
 7.74610134e+00
 7.97302482e+00
 3.78395928e+00
 6.49326087e+00
 7.19023157e+00
 6.32549253e+00
 5.79370908e+00
 6.63251032e+00
 7.45930273e+00
 7.92330986e+00
 7.70483971e+00
 5.98828537e+00
 6.06046546e+00
 6.94477222e+00
 7.65716324e+00
 7.98056104e+00
 4.02276637e+00
 6.64481114e+00
 7.36488534e+00
 6.52196276e+00
 5.56234143e+00
 6.40146472e+00
 7.27226062e+00
 7.85385061e+00
 7.82115977e+00
 6.04395141e+00
 5.81473535e+00
 6.70474460e+00
 7.50045379e+00
 7.92912904e+00
 4.19398283e+00
 6.71840529e+00
 7.45224777e+00
 6.64694286e+00
 5.20225422e+00
 6.07010044e+00
 7.01987735e+00
 7.76250223e+00
 7.82491025e+00
 6.01301368e+00
 5.43559988e+00
 6.42496985e+00
 7.33471875e+00
 7.88248821e+00
 4.35087797e+00
 6.79243499e+00
 7.52402144e+00
 6.76775557e+00
 4.82793322e+00
 5.76620466e+00
 6.81008193e+00
 7.64401448e+00
 7.84470698e+00
 6.04285288e+00
 5.07678041e+00
 6.11608173e+00
 7.14296077e+00
 7.81775838e+00
 4.50450441e+00
 6.84335737e+00
 7.52189756e+00
 6.88678598e+00
 4.55510300e+00
 5.49452242e+00
 6.61415996e+00
 7.54395339e+00
 7.82154359e+00
 6.05996499e+00
 4.75925321e+00
 5.87228299e+00
 6.97965144e+00
 7.73055280e+00
 4.60929710e+00
 6.88145705e+00
 7.54086947e+00
 7.02060434e+00
 4.40860869e+00
 5.28642233e+00
 6.47407556e+00
 7.46764338e+00
 7.79232958e+00
 6.20072690e+00
 4.51880852e+00
 5.69041482e+00
 6.82907743e+00
 7.66121284e+00
 4.71715353e+00
 6.89043105e+00
 7.58332765e+00
 7.23871129e+00
 4.29215387e+00
 5.11447234e+00
 6.36286683e+00
 7.41368691e+00
 7.77763979e+00
 6.38249356e+00
 4.35645772e+00
 5.52273833e+00
 6.76520801e+00
 7.64217051e+00
 4.80168289e+00
 6.88119802e+00
 7.58652278e+00
 7.32058494e+00
 4.30660512e+00
 5.00102720e+00
 6.28865724e+00
 7.38083468e+00
 7.80394509e+00
 6.53929251e+00
 4.24824538e+00
 5.42886095e+00
 6.70676391e+00
 7.65354667e+00
