  0.65490487981533718     
   3.1985334383021318     
   3.8181269136004694     
   3.9005653741839117     
   4.0574323018907723     
   4.0161441662375497     
   4.4077290596098058     
   4.8921696750039647     
   4.4123699223088373     
   4.1189435621341772     
   4.1056699831283918     
   3.9828143667244289     
   4.6827786857619191     
   4.8356437510812071     
   1.6299216765177826     
   4.6102917287029870     
   5.1845605051147219     
   5.0469785135995204     
   5.1073539339080272     
   5.1159852906059262     
   5.7448733045212030     
   6.3751636740221400     
   5.6763032470382448     
   5.0783276591315483     
   5.0917271115931175     
   5.2575061429945258     
   6.0745865647333952     
   6.2912744618218719     
   2.3055683481359939     
   5.3887529781608183     
   5.8866572798009589     
   5.4939246060162032     
   5.4824460428267967     
   5.8938453545000415     
   6.6507329912117434     
   7.2665113076432197     
   6.5070392568942044     
   5.4590544397807736     
   5.5701323505148466     
   6.1294552238206030     
   6.9323656376934562     
   7.2204907385012023     
   2.8054103839273141     
   5.8578729811145909     
   6.3487440300744353     
   5.7104307124230562     
   5.6560623181443255     
   6.3689120312203684     
   7.1802057779336472     
   7.7406154163947827     
   7.0469938302216040     
   5.6422467538325547     
   5.8265383796666033     
   6.6728375347029134     
   7.4138034782022260     
   7.6993543136696863     
   3.2209238887420062     
   6.1697146075662772     
   6.7189073433426634     
   5.8791792627535475     
   5.7894691154615048     
   6.6327208550929537     
   7.4640964968193488     
   7.9195862683295406     
   7.3442101827265862     
   5.6947589986030254     
   6.0357608784970997     
   6.9245709651232321     
   7.6559943027614663     
   7.9383796526542767     
   3.5283818837147312     
   6.3646419690233262     
   6.9656271042605393     
   6.0502547416785593     
   5.8718512915965313     
   6.7213708217480077     
   7.5304411799061022     
   7.9605858055957688     
   7.5522785314917380     
   5.8633973063271263     
   6.1251976442588640     
   7.0243538915753394     
   7.7461013416742004     
   7.9730248213237571     
   3.7839592809094391     
   6.4932608715419500     
   7.1902315747623202     
   6.3254925314248922     
   5.7937090756448466     
   6.6325103171846447     
   7.4593027327375774     
   7.9233098566754743     
   7.7048397056302225     
   5.9882853713221920     
   6.0604654562889628     
   6.9447722154398317     
   7.6571632379561239     
   7.9805610443886934     
   4.0227663685038504     
   6.6448111389121856     
   7.3648853413486366     
   6.5219627601805712     
   5.5623414302809717     
   6.4014647187419627     
   7.2722606197551167     
   7.8538506105741570     
   7.8211597736273637     
   6.0439514111547297     
   5.8147353482184156     
   6.7047446032974314     
   7.5004537910973657     
   7.9291290380983721     
   4.1939828309049787     
   6.7184052933070522     
   7.4522477669972744     
   6.6469428632753864     
   5.2022542213157452     
   6.0701004434464298     
   7.0198773536076597     
   7.7625022308879341     
   7.8249102481888437     
   6.0130136767278817     
   5.4355998830102195     
   6.4249698487642117     
   7.3347187496671600     
   7.8824882129003697     
   4.3508779746321373     
   6.7924349918460942     
   7.5240214438563511     
   6.7677555668970477     
   4.8279332197232936     
   5.7662046601921171     
   6.8100819287250021     
   7.6440144755342345     
   7.8447069750048763     
   6.0428528797162251     
   5.0767804080318450     
   6.1160817325127947     
   7.1429607694766890     
   7.8177583830766260     
   4.5045044073976364     
   6.8433573655146489     
   7.5218975599083855     
   6.8867859801724567     
   4.5551030038482958     
   5.4945224225552289     
   6.6141599585020989     
   7.5439533898481077     
   7.8215435926986538     
   6.0599649909781466     
   4.7592532143072424     
   5.8722829915702786     
   6.9796514381760169     
   7.7305528032840263     
   4.6092971042739821     
   6.8814570545059643     
   7.5408694731087520     
   7.0206043391858852     
   4.4086086925434449     
   5.2864223335126592     
   6.4740755554989695     
   7.4676433752034095     
   7.7923295754578650     
   6.2007269005706505     
   4.5188085243924752     
   5.6904148240153463     
   6.8290774327768027     
   7.6612128402003155     
   4.7171535346735318     
   6.8904310487307256     
   7.5833276475650218     
   7.2387112882245352     
   4.2921538738620422     
   5.1144723359509801     
   6.3628668250719818     
   7.4136869063056823     
   7.7776397940777748     
   6.3824935588534197     
   4.3564577244824356     
   5.5227383337208256     
   6.7652080059972270     
   7.6421705117385530     
   4.8016828886792693     
   6.8811980236136208     
   7.5865227818003351     
   7.3205849413904458     
   4.3066051157903287     
   5.0010272046844424     
   6.2886572375346752     
   7.3808346794010742     
   7.8039450850362400     
   6.5392925085048823     
   4.2482453839807759     
   5.4288609490791107     
   6.7067639119143472     
   7.6535466656310644     
