 6.52778760e-01
 3.18279260e+00
 3.85293920e+00
 3.96124770e+00
 4.11682700e+00
 4.10665360e+00
 4.47555900e+00
 4.94247790e+00
 4.49589230e+00
 4.16637370e+00
 4.16036170e+00
 4.10179740e+00
 4.75396770e+00
 4.89526190e+00
 1.60364290e+00
 4.64594660e+00
 5.23306220e+00
 5.14406790e+00
 5.20111860e+00
 5.28159280e+00
 5.89726460e+00
 6.49356820e+00
 5.80951930e+00
 5.17776310e+00
 5.20487350e+00
 5.40879900e+00
 6.22500070e+00
 6.40557980e+00
 2.33087110e+00
 5.39231310e+00
 5.90359900e+00
 5.62799240e+00
 5.66217300e+00
 6.04828910e+00
 6.79477870e+00
 7.38442100e+00
 6.64871830e+00
 5.60561080e+00
 5.73684870e+00
 6.28272640e+00
 7.01605880e+00
 7.29259110e+00
 2.81458130e+00
 5.96794840e+00
 6.51030510e+00
 6.00580470e+00
 6.03735580e+00
 6.67220550e+00
 7.39934110e+00
 7.90892350e+00
 7.31198100e+00
 5.98609290e+00
 6.18898590e+00
 6.93385240e+00
 7.61297150e+00
 7.89308270e+00
 3.19626020e+00
 6.30751650e+00
 6.86345750e+00
 6.27152940e+00
 6.20039760e+00
 6.89283570e+00
 7.69409720e+00
 8.12190450e+00
 7.67280580e+00
 6.13555940e+00
 6.37930370e+00
 7.19515530e+00
 7.86762670e+00
 8.13283280e+00
 3.55475300e+00
 6.55515980e+00
 7.16785960e+00
 6.52022840e+00
 6.34577200e+00
 7.15802780e+00
 7.91675730e+00
 8.27546840e+00
 7.88540830e+00
 6.39549810e+00
 6.60089630e+00
 7.42563040e+00
 8.07455370e+00
 8.23203020e+00
 3.78053440e+00
 6.76475300e+00
 7.35261080e+00
 6.66961030e+00
 6.26419240e+00
 7.06641810e+00
 7.81166720e+00
 8.18477210e+00
 8.00255340e+00
 6.46527380e+00
 6.51692200e+00
 7.33944050e+00
 8.01016500e+00
 8.21861630e+00
 4.02762440e+00
 6.85815090e+00
 7.49693010e+00
 6.80945170e+00
 6.04230600e+00
 6.85607920e+00
 7.67411570e+00
 8.14963660e+00
 8.03835540e+00
 6.50187630e+00
 6.28352890e+00
 7.15057630e+00
 7.87667780e+00
 8.18209570e+00
 4.32808630e+00
 6.97184840e+00
 7.47054800e+00
 6.90834540e+00
 5.66403220e+00
 6.52560130e+00
 7.38034350e+00
 7.98242810e+00
 8.02161630e+00
 6.47841890e+00
 5.89626010e+00
 6.83230630e+00
 7.64648690e+00
 8.07578890e+00
 4.51292670e+00
 6.96407820e+00
 7.57500750e+00
 6.91399740e+00
 5.22096260e+00
 6.13424780e+00
 7.11536610e+00
 7.81569950e+00
 7.93351840e+00
 6.32968560e+00
 5.46077480e+00
 6.47212190e+00
 7.39052990e+00
 7.92565930e+00
 4.65934700e+00
 6.98516840e+00
 7.54759290e+00
 6.96905750e+00
 4.81140520e+00
 5.74192770e+00
 6.81345640e+00
 7.68377560e+00
 7.87833180e+00
 6.29843740e+00
 5.01570440e+00
 6.11362010e+00
 7.15602720e+00
 7.82399920e+00
 4.78570940e+00
 7.04120620e+00
 7.59199580e+00
 7.10731230e+00
 4.55554020e+00
 5.42308170e+00
 6.59101130e+00
 7.58026200e+00
 7.83406590e+00
 6.34745880e+00
 4.69585890e+00
 5.82730680e+00
 6.99021060e+00
 7.71320580e+00
 4.92379550e+00
 7.02747590e+00
 7.62130340e+00
 7.23820860e+00
 4.43920940e+00
 5.25498200e+00
 6.44934540e+00
 7.51238130e+00
 7.82120030e+00
 6.47276380e+00
 4.49252910e+00
 5.67504910e+00
 6.87690100e+00
 7.70962840e+00
 4.99301360e+00
 7.06283290e+00
 7.62075750e+00
 7.37843560e+00
 4.35604340e+00
 5.09633040e+00
 6.35442620e+00
 7.45637560e+00
 7.82314950e+00
 6.57515100e+00
 4.31807610e+00
 5.50302030e+00
 6.76776940e+00
 7.66619350e+00
