  -1.7498315e-18
  -9.9926104e-05
   1.5744502e+01
   2.9770564e+00
   2.0512951e-01
   3.5921368e-03
  -3.2167299e-07
  -4.9049055e-07
  -4.6555738e-09
  -2.2329237e-11
  -8.2376903e-14
  -2.4704185e-16
  -6.3096068e-19
  -1.4301115e-21
  -2.9598387e-24
  -5.7080326e-27
  -1.0409473e-29
  -1.8149687e-32
  -3.0509788e-35
  -4.9768932e-38
  -2.6853625e-30
  -4.7092481e-09
   3.1071001e+00
   5.7711833e+00
   2.7393621e+00
   1.0288451e+00
   2.0462450e-01
   1.5055522e-02
   2.0416203e-04
  -2.7243885e-05
  -1.9093707e-06
  -6.9994467e-08
  -1.8528303e-09
  -4.0319712e-11
  -8.1046319e-13
  -1.4993442e-14
  -2.5616799e-16
  -4.0975179e-18
  -6.2079613e-20
  -8.9912040e-22
