  -6.1047189e-19
  -5.8217862e-06
   1.5757855e+01
   2.9756004e+00
   2.0407888e-01
   3.4692508e-03
   1.0253091e-05
  -8.9398977e-08
  -7.8068032e-10
  -3.2585550e-12
  -1.0570469e-14
  -2.7628857e-17
  -6.1245183e-20
  -1.1993675e-22
  -2.1348874e-25
  -3.5251965e-28
  -5.4811660e-31
  -8.1157805e-34
  -1.1542879e-36
  -1.5878404e-39
  -9.8342993e-31
  -1.6606028e-09
   3.1114651e+00
   5.7735188e+00
   2.7389669e+00
   1.0283516e+00
   2.0396233e-01
   1.4441937e-02
   2.9187446e-04
  -3.5740890e-06
  -3.1741515e-07
  -9.7461768e-09
  -2.1629641e-10
  -4.0849405e-12
  -7.1515251e-14
  -1.1377100e-15
  -1.6639670e-17
  -2.2699627e-19
  -2.9229354e-21
  -3.5864154e-23
