   7.6403821813388343E-026
   1.5453503438438438E-005
   15.822195306539086     
   3.1774978041102364     
  0.23791152682732092     
   4.1348602788094111E-003
   1.5164264819939887E-005
   1.1761799885726453E-008
   3.6090561650528068E-012
   7.2119580469283268E-016
   9.6567671371226169E-020
   9.7615988721397750E-024
   8.0615651590164914E-028
   5.7334224054635895E-032
   3.6408160107830241E-036
   2.1174886735597993E-040
   1.1488190636690136E-044
   5.8935102848051343E-049
   2.8881774586877093E-053
   1.3627256920492790E-057
   7.4388262242357194E-041
   9.3531896784159868E-013
   3.0418631173255095     
   5.8249997245385039     
   2.7227689824848724     
  0.99232765450406801     
  0.17667563909589301     
   9.8140604956890795E-003
   1.6828769882968749E-004
   1.1796344589942731E-006
   4.2672698676770857E-009
   1.1441225719244652E-011
   2.6342813417189881E-014
   4.8913709825312755E-017
   7.6461065564911121E-020
   1.0439506286153655E-022
   1.2801643568200428E-025
   1.4400339695431551E-028
   1.5100983230141527E-031
   1.4947396475371995E-034
