   4.5556363e-02
   2.9781624e-02
   1.5781104e+01
   3.0375231e+00
   2.5027489e-01
   1.5438199e-02
  -3.4503906e-02
  -3.2577668e-02
   5.9605094e-02
  -8.0591519e-02
  -1.2230968e-03
  -9.7442359e-02
   5.1024901e-02
   4.3085815e-02
   5.8104174e-05
  -3.5418607e-03
  -1.2431420e-01
   2.9058616e-02
  -1.0962175e-01
  -1.1596402e-01
   3.9966855e-03
  -4.7424049e-02
   3.1333244e+00
   5.8078154e+00
   2.7819357e+00
   9.9377768e-01
   2.2630746e-01
   1.9284300e-02
   4.1642672e-02
   2.6811391e-02
   4.4894441e-02
  -6.5968933e-03
  -7.3600728e-03
   5.0388670e-02
  -1.0618277e-01
  -2.5229320e-02
  -6.3529722e-02
  -1.9129240e-02
   3.2433963e-02
   4.1286357e-02
