  -1.0199414e-18
  -4.2554757e-05
   7.3494207e+00
   2.9018556e+00
   1.9901420e-01
   3.3695167e-03
  -9.0444436e-07
  -4.4372795e-07
  -4.1025321e-09
  -1.9434138e-11
  -7.1245212e-14
  -2.1255140e-16
  -5.4085729e-19
  -1.2225474e-21
  -2.5250466e-24
  -4.8617959e-27
  -8.8551279e-30
  -1.5424098e-32
  -2.5906972e-35
  -4.2232469e-38
  -1.3805396e-30
  -9.1720626e-10
   1.7399062e-01
   4.8591452e+00
   2.5798351e+00
   9.8116194e-01
   1.9272449e-01
   1.3883895e-02
   1.8133318e-04
  -2.4819546e-05
  -1.7168741e-06
  -6.2475011e-08
  -1.6451424e-09
  -3.5724896e-11
  -7.1736086e-13
  -1.3248134e-14
  -2.2601033e-16
  -3.6107077e-18
  -5.4649247e-20
  -7.9084613e-22
