  -3.5576792e-19
  -3.3372247e-06
   7.3558039e+00
   2.8985383e+00
   1.9798655e-01
   3.2598535e-03
   9.1513816e-06
  -8.0673914e-08
  -6.8432187e-10
  -2.8239923e-12
  -9.0991172e-15
  -2.3658266e-17
  -5.2244899e-20
  -1.0202270e-22
  -1.8120852e-25
  -2.9870926e-28
  -4.6381826e-31
  -6.8600206e-34
  -9.7479799e-37
  -1.3399276e-39
  -5.0539995e-31
  -3.2410919e-10
   1.6708081e-01
   4.8649924e+00
   2.5797540e+00
   9.8075313e-01
   1.9211028e-01
   1.3316967e-02
   2.6363498e-04
  -3.2765614e-06
  -2.8463034e-07
  -8.6691108e-09
  -1.9136867e-10
  -3.6100495e-12
  -6.3086487e-14
  -1.0016955e-15
  -1.4627139e-17
  -1.9928262e-19
  -2.5633308e-21
  -3.1423763e-23
