   1.7036622154618140E-022
   7.5759852690990330E-005
   7.3159320022109959     
   2.8852634613454349     
  0.18899304866473390     
   3.2537965629819135E-003
   1.5315870239562271E-005
   2.0914860214004264E-008
   1.2934069010810246E-011
   5.6301257934668494E-015
   1.7678149033921161E-018
   4.3915040732809094E-022
   9.1856996899057727E-026
   1.6872622645449918E-029
   2.8027790901743398E-033
   4.3006717715066580E-037
   6.1920327733528685E-041
   8.4649417409930425E-045
   1.1088371504659161E-048
   1.4017179261510642E-052
   9.2097619624548055E-038
   3.3319210419118118E-012
  0.16656393665888952     
   4.8870769424059359     
   2.6456200758883988     
   1.0015553588646224     
  0.20104489655799501     
   1.5316222068156238E-002
   4.4163200720093632E-004
   6.0970757197402112E-006
   4.9205215397416968E-008
   2.7687443795739631E-010
   1.3934402903476690E-012
   6.0178774930296672E-015
   2.2516100211144350E-017
   7.5051213308268927E-020
   2.2783613329976147E-022
   6.4069698962161545E-025
   1.6910818070760909E-027
   4.2330609622934957E-030
