  -5.3335070e-02
   4.6707203e-02
   7.3733871e+00
   2.8961538e+00
   2.0694689e-01
  -7.5009144e-02
  -4.2141420e-03
   8.0197330e-02
   4.9173887e-03
   2.0686807e-03
  -3.6708456e-02
  -1.5406865e-03
   1.1617351e-02
   2.1319378e-02
  -1.8640437e-02
  -1.1822729e-02
   1.0118454e-01
  -1.1291770e-01
   1.1147228e-01
   1.6878185e-02
   5.0003041e-02
  -8.3208224e-02
   1.3568406e-01
   4.8529025e+00
   2.6008900e+00
   8.9723207e-01
   2.1557349e-01
  -4.7499537e-02
   3.6170940e-03
   3.2620966e-02
   1.6353016e-02
   5.4131675e-02
   5.0303856e-02
  -3.2545387e-02
   1.2852808e-02
  -4.7218890e-02
  -6.6089426e-02
   4.6241297e-02
   2.4924538e-06
  -2.7459457e-03
