  -3.5576792e-19
   9.1126587e-03
   9.5736873e+00
   6.2853498e+00
   3.2720565e-01
   1.1872024e-03
  -2.6982636e-07
  -1.0582332e-09
  -6.0090026e-13
  -2.1756122e-16
  -5.6263675e-20
  -1.1574400e-23
  -2.0263515e-27
  -3.1527747e-31
  -4.4883510e-35
  -5.0539995e-31
  -1.0894444e-06
   7.9977480e+00
   7.3844270e+00
   2.8948066e+00
   7.5402492e-01
   4.9739135e-02
   3.8984174e-04
  -2.1851419e-06
  -3.3080308e-08
  -2.0060191e-10
  -9.0278800e-13
  -3.4714887e-15
  -1.1352531e-17
  -3.2709493e-20
