  -1.0199414e-18
   8.1626884e-03
   9.5751567e+00
   6.2839409e+00
   3.2827879e-01
   1.2172356e-03
  -2.2490861e-06
  -6.2634211e-09
  -4.2747120e-12
  -1.8569495e-15
  -5.8144373e-19
  -1.4603279e-22
  -3.1475667e-26
  -6.0772424e-30
  -1.0814893e-33
  -1.3805396e-30
  -3.0957238e-06
   7.9999305e+00
   7.3834663e+00
   2.8947963e+00
   7.5446450e-01
   5.0666769e-02
   3.1263578e-04
  -1.3312264e-05
  -2.2246533e-07
  -1.7210804e-09
  -9.3479668e-12
  -4.3869495e-14
  -1.7706398e-16
  -6.3395155e-19
