   5.7274184943084618E-028
   2.0377241400178587E-003
   9.6219904964314917     
   6.3424271882120555     
  0.32995218357137235     
   9.5668700622251102E-004
   1.4442129565161075E-007
   1.7747444111385083E-012
   7.3327280399627471E-018
   1.4656115224927426E-023
   1.9530420279490716E-029
   2.0261933372569278E-035
   1.7713603503183592E-041
   1.3648665380264008E-047
   9.5371583349464226E-054
   6.1895313994919748E-046
   4.9494717810832105E-010
   7.9678089480939143     
   7.3678756647510681     
   2.9492782197633147     
  0.90002323610787527     
   8.0555641202102388E-002
   8.4916614531960026E-004
   1.3315204650226332E-006
   5.5072067336134264E-010
   1.4431290632837991E-013
   2.4820015910310959E-017
   3.0858365019994023E-021
   3.0957506701122262E-025
   2.6789340135810933E-029
