  -8.4203520e-02
   5.3035029e-03
   9.6137988e+00
   6.2868095e+00
   2.8923985e-01
   4.5254418e-02
  -2.0025963e-02
   2.2090581e-02
  -2.8353963e-02
   2.0226416e-02
   1.4822772e-02
   1.9573865e-02
   6.5428225e-04
  -1.8284158e-02
   9.0967427e-03
   2.6083109e-02
  -5.9267100e-02
   7.9764517e+00
   7.3234412e+00
   2.9929994e+00
   7.7805391e-01
   5.6882915e-02
  -3.9732411e-02
   1.1643182e-02
   3.6730598e-02
  -5.4388089e-03
  -4.4713907e-03
   1.3207511e-02
  -3.0402921e-02
  -2.3664289e-02
