  -2.5057446e-20
   2.3363419e-04
   7.1683677e-01
   1.0288294e+00
   1.0002481e+00
   9.9999987e-01
   9.3391011e-01
   6.4844598e-02
   7.7628019e-05
  -4.4383713e-08
  -4.6897058e-11
  -2.1289620e-14
  -6.5889984e-18
  -1.5362831e-21
  -2.9436192e-25
  -2.7563735e-32
  -4.4333646e-09
   6.3829186e-03
   7.0397594e-01
   9.9749575e-01
   1.0000014e+00
   9.9344174e-01
   8.0098798e-01
   1.9677138e-01
   6.3201888e-03
   1.7602186e-05
  -2.7102858e-07
  -2.5575907e-09
  -1.3412810e-11
  -5.8047967e-14
