  -7.2026383e-20
   2.0407170e-04
   7.1700554e-01
   1.0287806e+00
   1.0002587e+00
   9.9999862e-01
   9.3345680e-01
   6.5124908e-02
   6.6732792e-05
  -2.5185195e-07
  -3.0438094e-10
  -1.6360310e-13
  -6.0896108e-17
  -1.7222079e-20
  -4.0382284e-24
  -7.5259007e-32
  -1.2792054e-08
   6.4495496e-03
   7.0458610e-01
   9.9739198e-01
   1.0000140e+00
   9.9341151e-01
   8.0059444e-01
   1.9675697e-01
   6.5842301e-03
  -1.0108006e-05
  -1.5980554e-06
  -1.8795044e-08
  -1.2328807e-10
  -6.4270905e-13
