   3.0632868771915615E-021
   2.4291516142862526E-003
  0.84926939968354476     
   1.0127285994249067     
   1.0001008625242980     
   1.0000001343173026     
  0.86555698302828077     
   3.6841459914532443E-002
   4.0496336252625509E-005
   4.5472441354109429E-009
   1.7537405032128730E-013
   3.8528701961738757E-018
   5.6210749923843666E-023
   6.2523816108287989E-028
   5.7610243215808983E-033
   1.3527089955854696E-034
   2.5154859818417422E-008
   3.6163166178140485E-002
  0.83439090476981437     
  0.99871385740598195     
  0.99999827339414316     
  0.98921505952935007     
  0.71113492053252791     
  0.10720765953611608     
   2.0168750145952456E-003
   7.5255820060931014E-006
   9.9107203142253033E-009
   7.7044093370982611E-012
   4.6001318530438503E-015
   2.1090925503861276E-018
