  -2.3455399e-02
  -2.6649861e-03
   7.4547856e-01
   1.0293516e+00
   9.1239505e-01
   1.0148939e+00
   9.3213381e-01
   1.1474404e-01
  -8.4957394e-02
  -5.5267919e-02
   3.4517207e-02
  -5.3966445e-02
   6.5827307e-02
   2.6532644e-02
   6.7092130e-02
   2.0172293e-02
  -4.0289397e-03
  -1.0807489e-02
   7.6866244e-01
   9.7358810e-01
   1.0492779e+00
   9.8666529e-01
   7.3566072e-01
   2.7004922e-01
   2.8521950e-02
   4.2660791e-02
   9.5988332e-02
  -7.1894194e-02
   4.8189613e-02
  -2.2405149e-02
