  -3.5576792e-19
   9.1126587e-03
   9.5736873e+00
   9.0000191e+00
   9.0000000e+00
   8.9998742e+00
   3.5541136e+00
   9.0115181e-02
   1.4899977e-04
  -1.0315990e-07
  -1.4262473e-10
  -6.9421910e-14
  -2.2592911e-17
  -5.4352652e-21
  -1.0633132e-24
  -5.0539995e-31
  -1.0894444e-06
   7.9977480e+00
   8.9999673e+00
   9.0000000e+00
   8.9999260e+00
   5.6937141e+00
   2.1649572e+00
   4.2519454e-01
   1.6337448e-02
   5.5652427e-05
  -8.3255172e-07
  -8.4297333e-09
  -4.5341318e-11
  -1.9633117e-13
