  -1.0199414e-18
   8.1626884e-03
   9.5751567e+00
   8.9999853e+00
   9.0000000e+00
   8.9998738e+00
   3.5540528e+00
   9.1071899e-02
   1.3451049e-04
  -5.7503315e-07
  -8.9421121e-10
  -5.1862714e-13
  -2.0319108e-16
  -5.9318726e-20
  -1.4201184e-23
  -1.3805396e-30
  -3.0957238e-06
   7.9999305e+00
   9.0000250e+00
   9.0000001e+00
   8.9999258e+00
   5.6929791e+00
   2.1650587e+00
   4.2564893e-01
   1.6962812e-02
  -1.7663389e-05
  -4.8532684e-06
  -6.0836883e-08
  -4.1299260e-10
  -2.1435679e-12
