   1.6126651373085308E-023
   1.4902327671350961E-002
   9.5500313629084985     
   9.0000398093278502     
   9.0000000361791876     
   8.9998262137954335     
   3.5289823600460681     
   9.0243752779605307E-002
   1.7081057565756908E-004
   2.6427144264814632E-008
   8.3935668077108340E-013
   1.3431927708467127E-017
   1.2852270066628949E-022
   8.7984059120315806E-028
   4.7875030765709141E-033
   1.5734404650290888E-038
   1.0604984568888163E-007
   8.0217223099239732     
   8.9999315350058922     
   9.0000000356963916     
   8.9998985629024624     
   5.6910070158246890     
   2.1265402342414088     
  0.39789019555485405     
   1.4253769784131461E-002
   7.7484123079491889E-005
   1.1348647880916741E-007
   7.6127717643566905E-011
   3.9476068372030792E-014
   1.5042881493228921E-017
