   1.4226034e-03
  -2.1834703e-02
   9.5522036e+00
   9.0381304e+00
   8.9605100e+00
   8.9771985e+00
   3.5252699e+00
   2.9163192e-02
  -3.4208073e-04
  -4.0965473e-03
  -6.0568211e-02
   2.0538697e-02
   1.0290036e-02
   9.4321775e-02
  -6.8703097e-03
   4.7011259e-02
  -1.2869383e-02
   8.0246126e+00
   8.9950163e+00
   8.9563722e+00
   9.0321351e+00
   5.6677336e+00
   2.1406304e+00
   3.9233671e-01
   6.1776812e-02
   6.4132518e-03
  -9.9110733e-02
   2.7592834e-02
   3.6336945e-02
   3.0550931e-02
