  -1.6252436e-19
  -1.2512554e-06
   1.1748060e+00
   2.9966831e+00
   1.9505986e-01
   2.9899478e-03
   7.5638253e-06
  -6.8103744e-08
  -5.4755483e-10
  -2.2134498e-12
  -7.0441152e-15
  -1.8145273e-17
  -3.9804562e-20
  -7.7347400e-23
  -1.3686587e-25
  -2.2495184e-28
  -3.4847516e-31
  -5.1442905e-34
  -7.2985815e-37
  -1.0019525e-39
  -2.0479188e-31
  -6.3116274e-11
   4.5504989e-04
   2.2165566e+00
   2.2004170e+00
   8.8118314e-01
   1.6940215e-01
   1.1310201e-02
   2.1606295e-04
  -2.7451599e-06
  -2.3015803e-07
  -6.9174595e-09
  -1.5139106e-10
  -2.8531246e-12
  -4.9720077e-14
  -7.8707825e-16
  -1.1464504e-17
  -1.5587583e-19
  -2.0016338e-21
  -2.4503706e-23
