  -4.6639971e-19
  -1.4675658e-05
   1.1790306e+00
   2.9936974e+00
   1.9601566e-01
   3.0763636e-03
  -1.8539905e-06
  -3.7656635e-07
  -3.3140826e-09
  -1.5347392e-11
  -5.5599618e-14
  -1.6433231e-16
  -4.1540068e-19
  -9.3443631e-22
  -1.9229702e-24
  -3.6921665e-27
  -6.7099815e-30
  -1.1667033e-32
  -1.9568456e-35
  -3.1862353e-38
  -5.5918767e-31
  -1.7464613e-10
  -2.7708392e-04
   2.2181687e+00
   2.1989758e+00
   8.8146469e-01
   1.6992972e-01
   1.1799071e-02
   1.4465782e-04
  -2.0592135e-05
  -1.3943342e-06
  -5.0123109e-08
  -1.3085276e-09
  -2.8337394e-11
  -5.6822127e-13
  -1.0465097e-14
  -1.7810652e-16
  -2.8398497e-18
  -4.2913337e-20
  -6.2019164e-22
