   4.9658049994093798E-023
   1.5543821678732138E-005
   1.2216679692383874     
   2.9871158805717366     
  0.24711686854035930     
   6.3047969074405998E-003
   5.0289363125647355E-005
   1.3195485025299781E-007
   1.5152288332064080E-010
   1.2495690499486046E-013
   7.6204485164137368E-017
   3.7016347737170035E-020
   1.5207317651730675E-023
   5.5037304742898632E-027
   1.8055602537899556E-030
   5.4812024518649404E-034
   1.5634489683977904E-037
   4.2389200918304701E-041
   1.1021945024300961E-044
   2.7677089602025874E-048
   9.5033538881054454E-038
   6.5689426355121204E-013
   1.8551540761707233E-003
   2.1689824235696902     
   2.1382996117098667     
  0.91389334801253974     
  0.21030545877616921     
   2.0229511114690134E-002
   7.9751109441201259E-004
   1.5779017560315597E-005
   1.8859844008464367E-007
   1.5627981612940832E-009
   1.1105271995732107E-011
   7.0299163444886558E-014
   3.8883509053377895E-016
   1.9246876721365837E-018
   8.7060622107246933E-021
   3.6576974694921514E-023
   1.4454796945502243E-025
   5.4270144194063187E-028
