   9.1613632e-03
  -5.1481394e-02
   1.2204452e+00
   3.0131335e+00
   2.0167685e-01
   2.8741949e-02
   1.3081277e-02
  -4.7074278e-02
  -8.1168836e-03
  -7.3027317e-03
  -2.6600569e-02
   8.4105180e-02
  -4.3786467e-02
  -2.4190753e-02
  -3.5600227e-02
  -5.8710617e-02
  -9.6119759e-03
  -1.3703511e-02
   7.6503626e-02
  -1.2451237e-02
  -5.3210671e-02
   8.0172865e-02
   6.2703258e-02
   2.2035168e+00
   2.1254789e+00
   8.5893222e-01
   1.6149545e-01
   2.4964403e-02
  -1.2804450e-02
   2.2173662e-02
   1.9594725e-02
  -6.2533945e-02
  -4.7398046e-02
  -3.7055305e-02
  -2.5390878e-02
  -1.6028775e-02
   6.2345207e-04
  -1.5145887e-01
  -2.2850732e-02
   6.2122420e-02
