  -6.1047189e-19
   3.6656304e-02
   1.3135052e+01
   1.2934328e+01
   2.3473143e+00
   3.6870380e-02
   3.6349344e-05
  -4.2826964e-08
  -4.3625452e-11
  -1.9859266e-14
  -6.1116017e-18
  -1.4155490e-21
  -2.6962801e-25
  -4.4639603e-29
  -6.6610557e-33
  -9.8342993e-31
  -1.5602425e-05
   1.2800245e+01
   1.2954866e+01
   5.3580881e+00
   1.8368651e+00
   2.9155448e-01
   7.9900053e-03
   1.0672236e-05
  -4.4725035e-07
  -3.8617719e-09
  -1.9651406e-11
  -8.3088665e-14
  -2.9623121e-16
  -9.1252283e-19
