  -1.7498315e-18
   3.4466026e-02
   1.3138374e+01
   1.2933131e+01
   2.3483810e+00
   3.7555725e-02
   2.2148659e-05
  -2.3182339e-07
  -2.8211107e-10
  -1.5252248e-13
  -5.6585478e-17
  -1.5925771e-20
  -3.7172443e-24
  -7.6036178e-28
  -1.4125878e-31
  -2.6853625e-30
  -4.4330409e-05
   1.2795452e+01
   1.2954060e+01
   5.3577897e+00
   1.8371610e+00
   2.9211182e-01
   8.3816308e-03
  -4.7592652e-05
  -2.6527768e-06
  -2.9036259e-08
  -1.8457251e-10
  -9.3655606e-13
  -4.1016047e-15
  -1.5642088e-17
