   1.0711500527377356E-022
   6.0098786906177773E-002
   13.160291349391514     
   12.904291412175725     
   2.3857118055024280     
   5.0385696309769384E-002
   1.1367248752061350E-004
   2.9201287495005495E-008
   1.8788093931868023E-012
   6.6156166196540868E-017
   1.4751828300443240E-021
   2.4354610485747798E-026
   3.2661239988860436E-031
   3.7712365686388635E-036
   3.8961866558169974E-041
   1.0919362412094502E-037
   2.7945075960583264E-006
   12.762984304088009     
   12.933470281668917     
   5.2922870719531607     
   1.8581510833453181     
  0.34073882184229876     
   1.4052060493087146E-002
   1.1198388737546933E-004
   2.8517873555585794E-007
   3.5198313572775419E-010
   3.3750192738451576E-013
   2.5010730175597477E-016
   1.4954917338853095E-019
   7.6068955876287461E-023
