   1.4667438e-02
   6.3626953e-02
   1.3123634e+01
   1.2817718e+01
   2.4039026e+00
   1.5733806e-02
  -6.3864841e-02
   8.2141231e-02
   1.2358556e-01
  -7.1967012e-02
  -4.5345466e-03
  -7.2066250e-03
   8.0106857e-02
   6.5942926e-02
  -4.0093309e-02
  -4.8415151e-03
  -1.8772710e-02
   1.2841523e+01
   1.2820261e+01
   5.3090070e+00
   1.7978101e+00
   3.2878820e-01
   3.9930033e-02
  -4.4508742e-03
   4.8051273e-02
  -5.9347781e-02
   1.8362695e-03
  -6.2969154e-02
  -5.8105444e-02
   5.2692109e-02
