 1.00000000e-01 1.00000000e+00
 1.00000000e-01 5.00000000e+00
 1.00000000e-01 9.00000000e+00
 1.00000000e-01 1.30000000e+01
 5.00000000e-01 1.00000000e+00
 5.00000000e-01 5.00000000e+00
 5.00000000e-01 9.00000000e+00
 5.00000000e-01 1.30000000e+01
 1.25000000e+00 1.00000000e+00
 1.25000000e+00 5.00000000e+00
 1.25000000e+00 9.00000000e+00
 1.25000000e+00 1.30000000e+01
 1.60000000e+00 1.00000000e+00
 1.60000000e+00 5.00000000e+00
 1.60000000e+00 9.00000000e+00
 1.60000000e+00 1.30000000e+01
 2.60000000e+00 1.00000000e+00
 2.60000000e+00 5.00000000e+00
 2.60000000e+00 9.00000000e+00
 2.60000000e+00 1.30000000e+01
 3.00000000e+00 1.00000000e+00
 3.00000000e+00 5.00000000e+00
 3.00000000e+00 9.00000000e+00
 3.00000000e+00 1.30000000e+01
 1.00000000e+00 1.30000000e+01
