  -1.0199414e-18
  -4.2554757e-05
   7.5311060e+00
   9.1068365e+00
   8.9999962e+00
   8.9999997e+00
   8.9995226e+00
   5.6864179e+00
   7.4087265e-01
   2.3615300e-02
   1.4631525e-04
  -2.2008060e-06
  -3.5050018e-08
  -2.0773924e-10
  -8.3265596e-13
  -2.7049258e-15
  -7.3313309e-18
  -1.7374120e-20
  -3.7209723e-23
  -7.3706396e-26
  -1.3805396e-30
  -9.1720626e-10
   1.8219480e-01
   8.8173002e+00
   9.0000068e+00
   9.0000006e+00
   8.9997193e+00
   7.0217879e+00
   3.5101434e+00
   1.5833123e+00
   4.3475533e-01
   4.9725154e-02
   1.7557059e-03
  -4.4206886e-05
  -6.1495249e-06
  -2.7631646e-07
  -8.2127922e-09
  -1.9066082e-10
  -3.9418363e-12
  -7.5587022e-14
