  -3.5576792e-19
  -3.3372247e-06
   7.5352832e+00
   9.1037258e+00
   9.0000405e+00
   9.0000000e+00
   8.9995341e+00
   5.6875104e+00
   7.3991296e-01
   2.3085009e-02
   1.6052465e-04
  -2.6936495e-07
  -6.2360577e-09
  -3.1826437e-11
  -1.1270431e-13
  -3.1974088e-16
  -7.5349768e-19
  -1.5457362e-21
  -2.8525056e-24
  -4.8467091e-27
  -5.0539995e-31
  -3.2410919e-10
   1.7549229e-01
   8.8223483e+00
   8.9999313e+00
   9.0000001e+00
   8.9997259e+00
   7.0227312e+00
   3.5104130e+00
   1.5831153e+00
   4.3430152e-01
   4.8805950e-02
   1.7337016e-03
   6.6501378e-06
  -1.0559339e-06
  -4.1584046e-08
  -1.0286972e-09
  -2.0352053e-11
  -3.6915470e-13
  -6.1061646e-15
