   1.2092028489319041E-025
   8.3655767510588299E-006
   7.5820284078575018     
   9.0920829090132429     
   9.0000363826749314     
   9.0000000386415628     
   8.9995514039034532     
   5.6468983061965119     
  0.75193260906333348     
   2.4266411406038486E-002
   1.8246150508059857E-004
   3.2166045182698053E-007
   1.6165396508390580E-010
   4.9405461307514084E-014
   9.7259337227189821E-018
   1.3889995914211304E-021
   1.5768435758942326E-025
   1.5115306196051386E-029
   1.2749840441750340E-033
   9.7422056005595746E-038
   5.0503686118447560E-042
   4.3964285850743782E-014
  0.14771101393413741     
   8.8472099258312031     
   8.9999399724979181     
   9.0000000316826476     
   8.9997280680439058     
   6.9441903496593911     
   3.4589795509021219     
   1.6215103203278829     
  0.48369557227351140     
   6.1992905734384367E-002
   2.5689788807195754E-003
   3.9716893560368829E-005
   2.9428227083736135E-007
   1.2725957980335396E-009
   4.5594667023685217E-012
   1.3907814094058431E-014
   3.5176510218669302E-017
   7.6537010468741123E-020
