   2.0735015e-02
   1.7442855e-02
   7.5524665e+00
   9.0662836e+00
   9.0163983e+00
   8.9742560e+00
   8.9546947e+00
   5.6275617e+00
   7.9174184e-01
  -1.9331127e-02
  -8.4770901e-03
  -6.0432305e-02
  -1.4856340e-02
  -1.6160189e-01
  -5.4347961e-02
  -7.1321808e-02
  -5.0722538e-02
  -1.0663359e-02
  -1.6267389e-02
   9.7219890e-02
  -2.8588661e-02
  -1.2501614e-02
   9.5529760e-02
   8.8000356e+00
   8.9330055e+00
   9.0015150e+00
   9.0423701e+00
   7.0430375e+00
   3.4755038e+00
   1.5016363e+00
   5.0728053e-01
   1.5096985e-01
   7.7852737e-03
  -4.9469984e-02
   5.9888754e-02
  -2.9632810e-02
  -2.3490468e-02
   4.4318869e-02
  -6.9260990e-02
  -9.7837698e-02
