  -1.7498315e-18
  -9.9926105e-05
   1.6588197e+01
   1.3016976e+01
   1.2999993e+01
   1.3000000e+01
   1.3000000e+01
   1.2952991e+01
   5.0475182e+00
   4.9139706e-01
   1.2810900e-02
   5.3075764e-05
  -1.4244410e-06
  -1.8630567e-08
  -1.0239767e-10
  -3.9990940e-13
  -1.2657725e-15
  -3.3643736e-18
  -7.8570396e-21
  -1.6638960e-23
  -2.6853625e-30
  -4.7092482e-09
   3.4164518e+00
   1.2975213e+01
   1.3000010e+01
   1.3000000e+01
   1.3000000e+01
   1.2967701e+01
   7.4234734e+00
   3.3836344e+00
   1.4154395e+00
   3.5038392e-01
   3.4538623e-02
   9.6858361e-04
  -4.2988514e-05
  -4.3825424e-06
  -1.8269132e-07
  -5.2151198e-09
  -1.1819174e-10
  -2.4206033e-12
