 -6.10471890e-19
 -5.82178630e-06
 1.66010470e+01
 1.30164710e+01
 1.30000000e+01
 1.30000000e+01
 1.30000000e+01
 1.29539490e+01
 5.04758430e+00
 4.90147930e-01
 1.24382350e-02
 6.84657480e-05
 -2.25851050e-07
 -3.25888850e-09
 -1.54421760e-11
 -5.32709290e-14
 -1.47139830e-16
 -3.39844250e-19
 -6.86595160e-22
 -1.25210930e-24
 -9.83429930e-31
 -1.66060280e-09
 3.41881650e+00
 1.29759110e+01
 1.30000000e+01
 1.30000000e+01
 1.30000000e+01
 1.29683550e+01
 7.42421970e+00
 3.38348430e+00
 1.41505660e+00
 3.49856470e-01
 3.37874400e-02
 1.00937950e-03
 -7.98588140e-07
 -7.50759330e-07
 -2.67961300e-08
 -6.38179190e-10
 -1.23976290e-11
 -2.22428270e-13
