  -6.1047189e-19
  -5.8217863e-06
   1.6601047e+01
   1.3016471e+01
   1.3000000e+01
   1.3000000e+01
   1.3000000e+01
   1.2953949e+01
   5.0475843e+00
   4.9014793e-01
   1.2438235e-02
   6.8465748e-05
  -2.2585105e-07
  -3.2588885e-09
  -1.5442176e-11
  -5.3270929e-14
  -1.4713983e-16
  -3.3984425e-19
  -6.8659516e-22
  -1.2521093e-24
  -9.8342993e-31
  -1.6606028e-09
   3.4188165e+00
   1.2975911e+01
   1.3000000e+01
   1.3000000e+01
   1.3000000e+01
   1.2968355e+01
   7.4242197e+00
   3.3834843e+00
   1.4150566e+00
   3.4985647e-01
   3.3787440e-02
   1.0093795e-03
  -7.9858814e-07
  -7.5075933e-07
  -2.6796130e-08
  -6.3817919e-10
  -1.2397629e-11
  -2.2242827e-13
