   1.2934766695744896E-024
   3.6667345897070772E-005
   16.654324733681950     
   13.016259085124933     
   13.000002394926533     
   13.000000052073819     
   13.000000000001103     
   12.954691081264299     
   5.0786219816389844     
  0.51306180162689208     
   1.3785416825028495E-002
   9.0263916450190014E-005
   1.4232702159892548E-007
   7.3129016450089584E-011
   2.4424464051137576E-014
   5.4476399872290491E-018
   9.0749371309447164E-022
   1.2240834441048510E-025
   1.4108811538303683E-029
   1.4422089367181392E-033
   3.1769610371020324E-040
   1.5384189634378486E-012
   3.3961007872031130     
   12.976455261748569     
   12.999996547561265     
   13.000000051893123     
   12.999999999998439     
   12.968547835613492     
   7.3992234113175419     
   3.3761905437796287     
   1.4341409439172479     
  0.36572102837519382     
   3.6840980744341424E-002
   1.2155072115174002E-003
   1.6144242571577926E-005
   1.0976753348283610E-007
   4.6680423451060792E-010
   1.7324127003140784E-012
   5.4080736700014173E-015
   1.4210820375860930E-017
