 8.99247230e-02
 -5.79177390e-03
 1.65891140e+01
 1.30572940e+01
 1.30245110e+01
 1.30382630e+01
 1.30389140e+01
 1.28799080e+01
 5.07473940e+00
 4.85432850e-01
 -2.56549520e-02
 -3.46043430e-02
 6.40729990e-02
 -4.04868800e-02
 -6.18409180e-02
 1.07343220e-02
 1.00538590e-01
 1.27772170e-03
 1.54149720e-02
 -4.69123610e-02
 8.37107980e-02
 6.24940870e-03
 3.44646790e+00
 1.29283710e+01
 1.30426980e+01
 1.30194570e+01
 1.29422000e+01
 1.29703200e+01
 7.40182920e+00
 3.38899530e+00
 1.40254680e+00
 3.40320880e-01
 -1.80987510e-02
 -1.51106240e-02
 3.83398200e-02
 8.72337480e-02
 -5.80259960e-02
 1.18870590e-01
 7.63038980e-02
 8.42537500e-03
