   8.9924723e-02
  -5.7917739e-03
   1.6589114e+01
   1.3057294e+01
   1.3024511e+01
   1.3038263e+01
   1.3038914e+01
   1.2879908e+01
   5.0747394e+00
   4.8543285e-01
  -2.5654952e-02
  -3.4604343e-02
   6.4072999e-02
  -4.0486880e-02
  -6.1840918e-02
   1.0734322e-02
   1.0053859e-01
   1.2777217e-03
   1.5414972e-02
  -4.6912361e-02
   8.3710798e-02
   6.2494087e-03
   3.4464679e+00
   1.2928371e+01
   1.3042698e+01
   1.3019457e+01
   1.2942200e+01
   1.2970320e+01
   7.4018292e+00
   3.3889953e+00
   1.4025468e+00
   3.4032088e-01
  -1.8098751e-02
  -1.5110624e-02
   3.8339820e-02
   8.7233748e-02
  -5.8025996e-02
   1.1887059e-01
   7.6303898e-02
   8.4253750e-03
