  -6.1047135e-19
   3.3690637e-06
   2.2681424e+00
   6.3559768e-01
   8.7621951e-03
   3.1541928e-05
  -1.7638622e-07
  -1.8264026e-09
  -7.9633971e-12
  -2.6463288e-14
  -7.0845936e-17
  -1.5995930e-19
  -3.1773845e-22
  -5.7195099e-25
  -9.5293202e-28
  -1.4924970e-30
  -2.2231536e-33
  -3.1776757e-36
  -4.3892891e-39
  -5.8942594e-42
  -9.8342965e-31
  -8.1408957e-10
   9.8189483e-03
   1.3657539e+00
   1.1193260e+00
   2.6785150e-01
   2.2807419e-02
   5.8672870e-04
  -2.4204063e-06
  -4.7973943e-07
  -1.6039153e-08
  -3.7034423e-10
  -7.1104594e-12
  -1.2642659e-13
  -2.0420441e-15
  -3.0246308e-17
  -4.1695224e-19
  -5.4158163e-21
  -6.6938456e-23
  -7.9346292e-25
