  -1.7498334e-18
  -5.6660062e-05
   2.2638059e+00
   6.3512049e-01
   9.0189960e-03
   1.0648042e-05
  -1.0195469e-06
  -1.0732707e-08
  -5.3964390e-11
  -2.0309486e-13
  -6.2307613e-16
  -1.6193179e-18
  -3.7195496e-21
  -7.7785509e-24
  -1.5124672e-26
  -2.7764657e-29
  -4.8669834e-32
  -8.2175262e-35
  -1.3453700e-37
  -2.1472431e-40
  -2.6853618e-30
  -2.3157175e-09
   9.6313277e-03
   1.3671669e+00
   1.1175022e+00
   2.6820978e-01
   2.3544085e-02
   5.3854195e-04
  -3.2243187e-05
  -2.8204631e-06
  -1.1152402e-07
  -3.0835483e-09
  -6.8671462e-11
  -1.3980094e-12
  -2.6235092e-14
  -4.5366699e-16
  -7.3286102e-18
  -1.1194094e-19
  -1.6323267e-21
  -2.2896679e-23
