   1.3217663330377208E-027
   5.4537131596598310E-006
   2.3004851799715023     
  0.57239456548012091     
   4.8908492648227766E-003
   1.0779229634827304E-005
   3.8425818977245312E-009
   4.2979215740681997E-013
   2.6428364645144074E-017
   1.0782271645145902E-021
   3.4723294317502086E-026
   9.5574330996043542E-031
   2.3353630897061906E-035
   5.1776147038268876E-040
   1.0577146555562621E-044
   2.0156500499333810E-049
   3.6200406666557066E-054
   6.1800407837213970E-059
   1.0101285016829217E-063
   1.5903439488524341E-068
   1.1976158858476793E-044
   1.4686004983067790E-014
   5.2980295167585449E-003
   1.3914021491461219     
   1.1307857158517565     
  0.25864862930642368     
   1.8024070412950684E-002
   3.1979071866867993E-004
   1.8509708514087438E-006
   4.3716602633907367E-009
   6.5593387501125118E-012
   7.9611629884985268E-015
   7.5653476154335618E-018
   6.1362406069079250E-021
   4.4776477745543019E-024
   3.0230542486878459E-027
   1.9167324353921648E-030
   1.1513050303719648E-033
   6.5912979620819231E-037
   3.6144418626845686E-040
