   1.4540040e-01
   4.1302607e-02
   2.3382695e+00
   5.8304330e-01
  -1.4690837e-02
  -1.3584161e-02
   5.4921278e-02
  -1.3893597e-02
   3.5077073e-02
  -1.0259081e-01
  -1.7692500e-02
  -4.1179326e-02
  -7.8852851e-02
   2.5398733e-02
   1.4099203e-02
   1.6739941e-03
  -6.6683897e-02
   5.6374614e-02
   1.7508971e-02
  -1.4953302e-02
   1.1444896e-03
  -1.3099772e-02
  -7.7327338e-02
   1.3502126e+00
   1.0783575e+00
   2.1884559e-01
  -3.5257858e-02
  -2.6050505e-02
  -1.0012446e-01
   4.8211516e-02
   2.6003005e-02
  -1.0013926e-03
  -1.7385543e-03
  -3.9908179e-02
   5.0934264e-02
  -6.6608740e-03
  -3.5726508e-02
   6.7569288e-02
  -1.1238553e-02
  -2.9451452e-02
