  -6.1047189e-19
   3.6656958e-02
   5.2942563e+00
   1.5997370e-01
   3.8229109e-04
  -1.8951446e-07
  -3.6705191e-10
  -1.9112375e-13
  -6.5343711e-17
  -1.6248139e-20
  -3.2524470e-24
  -5.5826944e-28
  -8.5588719e-32
  -1.2047894e-35
  -1.5878404e-39
  -9.8342993e-31
  -1.5599102e-05
   7.1763013e+00
   2.5873487e+00
   5.7024286e-01
   2.8009173e-02
   1.4336846e-04
  -1.4008336e-06
  -1.6438170e-08
  -9.3059382e-11
  -4.0963854e-13
  -1.5338299e-15
  -4.9100893e-18
  -1.3915227e-20
  -3.5864154e-23
