  -1.7498315e-18
   3.4468216e-02
   5.2975262e+00
   1.6101972e-01
   3.7628404e-04
  -1.1312525e-06
  -2.2372681e-09
  -1.3933639e-12
  -5.7276341e-16
  -1.7265156e-19
  -4.2247519e-23
  -8.9386025e-27
  -1.7024795e-30
  -2.9987301e-34
  -4.9768932e-38
  -2.6853625e-30
  -4.4320947e-05
   7.1700306e+00
   2.5877415e+00
   5.7076632e-01
   2.8733224e-02
   5.5482924e-05
  -8.1657675e-06
  -1.1494593e-07
  -8.2562435e-10
  -4.3634332e-12
  -1.9993597e-14
  -7.9078645e-17
  -2.7875943e-19
  -8.9912040e-22
