   4.3878041897103723E-022
   7.1938387331803771E-002
   5.3806941376303890     
  0.19657025062482916     
   8.3723633681114407E-004
   3.8927974067899359E-007
   3.3680206635628992E-011
   1.5111614795330764E-015
   4.1247112211516628E-020
   8.1260660547442801E-025
   1.2812966804434340E-029
   1.7237452568388469E-034
   2.0629083086457114E-039
   2.2595186537214714E-044
   2.3108880618481189E-049
   2.1571543157955000E-036
   5.2066248498818622E-006
   7.1112920645089899     
   2.5843219565221376     
  0.58395333085232415     
   3.4207608752463564E-002
   3.6175626371815633E-004
   1.1028806573721728E-006
   1.5042007895957898E-009
   1.4814419451207004E-012
   1.1448643445411193E-015
   7.0712225430706980E-019
   3.6910381178679499E-022
   1.6944024119871223E-025
   7.0376814853414072E-029
