  -9.4729439e-03
   7.5669118e-02
   5.2991590e+00
   1.2341160e-01
  -4.9855869e-02
  -6.3389677e-02
   1.6295010e-02
   5.4958081e-02
  -5.2331090e-02
   2.5716395e-03
   3.1986084e-02
  -4.3596185e-02
   4.9914379e-03
   7.9755861e-02
  -4.8401256e-03
  -4.1140622e-03
   2.1610949e-02
   7.1852551e+00
   2.6223741e+00
   5.7518028e-01
  -2.9434540e-02
   3.1793819e-02
  -1.0357322e-02
  -2.2770426e-02
  -3.2856937e-02
   2.8666062e-02
  -2.8940742e-02
  -1.5235704e-02
   4.3402729e-02
   8.1611465e-03
