  -2.5057446e-20
  -1.5617884e-07
   7.2280462e-02
   9.4040503e-01
   1.0316072e+00
   5.5402744e-01
   3.0621452e-02
   2.0965367e-04
  -1.4442141e-07
  -4.8380218e-09
  -2.3665033e-11
  -8.2545726e-14
  -2.3183300e-16
  -5.4340673e-19
  -1.1114924e-21
  -2.0478063e-24
  -3.4762690e-27
  -5.5282009e-30
  -8.3386483e-33
  -1.2044127e-35
  -2.7563735e-32
  -4.5075292e-12
  -1.9668791e-06
   3.5822456e-02
   6.5239734e-01
   9.3748306e-01
   7.2921271e-01
   2.5736404e-01
   3.0335014e-02
   1.1217096e-03
   7.5209346e-06
  -5.2144043e-07
  -2.1861715e-08
  -5.4547032e-10
  -1.0927106e-11
  -2.0063958e-13
  -3.3356414e-15
  -5.0609718e-17
  -7.1176043e-19
  -9.4010922e-21
