  -7.2026383e-20
  -1.8780055e-06
   7.2941938e-02
   9.4022452e-01
   1.0315484e+00
   5.5408946e-01
   3.0974509e-02
   2.0271559e-04
  -1.7914590e-06
  -2.7690465e-08
  -1.5617450e-10
  -6.1507923e-13
  -1.9751821e-15
  -5.3180984e-18
  -1.2554491e-20
  -2.6824944e-23
  -5.3058558e-26
  -9.8753386e-29
  -1.7506718e-31
  -2.9833921e-34
  -7.5259007e-32
  -1.2966474e-11
  -1.4945426e-05
   3.6635244e-02
   6.5285476e-01
   9.3683849e-01
   7.2903490e-01
   2.5734873e-01
   3.0741064e-02
   1.1606176e-03
  -1.6008329e-05
  -3.0900605e-06
  -1.4368716e-07
  -4.3172558e-09
  -1.0111662e-10
  -2.1243493e-12
  -4.0989180e-14
  -7.2517436e-16
  -1.1935879e-17
  -1.8516232e-19
