   9.1809196025176959E-025
   1.5346131863635492E-006
   8.2083371960361695E-002
  0.95223164944176197     
   1.0354852877099123     
  0.52624132872165719     
   2.8744131631530116E-002
   2.2793952567732445E-004
   4.6318577508833382E-007
   3.2517675517856950E-010
   1.4813458327743671E-013
   4.6463953048454988E-017
   1.0953902854578467E-020
   2.0984095822814211E-024
   3.4418778340910000E-028
   5.0120620167533388E-032
   6.6494795577115315E-036
   8.1910689297538671E-040
   9.5025553546443090E-044
   1.0495252754848121E-047
   4.2536673748008601E-041
   4.2206478969067060E-015
   4.9636420970600537E-006
   2.9986313614778499E-002
  0.61870504059735498     
  0.92893991350440497     
  0.73641629687639931     
  0.28558505879856988     
   4.1424171028774846E-002
   2.0869466245834606E-003
   4.3545501639544083E-005
   4.7164720345108574E-007
   3.1469864992370390E-009
   1.6737030850644408E-011
   7.8125712883455595E-014
   3.0824263472011508E-016
   1.0595088800032420E-018
   3.2591057112916052E-021
   9.1590913269104856E-024
   2.3894596719244374E-026
