  -5.0747182e-02
  -2.3552596e-02
   7.8943223e-02
   9.2582337e-01
   1.0466778e+00
   5.7400617e-01
  -1.5973213e-02
  -8.6256738e-03
  -1.0660438e-01
   5.7268086e-02
  -3.1454538e-02
  -6.0192499e-02
  -1.2697234e-02
  -7.1432343e-02
  -1.0428809e-03
  -2.8033250e-02
   1.0888894e-01
   5.6923269e-02
  -1.2484433e-01
   2.2066347e-02
  -6.9906894e-02
  -1.2752759e-02
   8.2265403e-03
   7.2969080e-02
   6.3845434e-01
   1.0164464e+00
   7.0520930e-01
   2.7378641e-01
   6.3434141e-02
   5.3833521e-03
   4.4064176e-02
   1.6160779e-02
  -3.9207309e-02
  -9.0268668e-02
   9.2929647e-02
  -3.0226504e-02
   5.1679861e-03
   2.8158348e-02
   5.6798498e-03
  -4.5236311e-02
