 -1.62524360e-19
 -1.25125540e-06
 1.17753510e+00
 5.62655570e+00
 5.00294020e+00
 4.99999930e+00
 4.99999540e+00
 4.13234130e+00
 7.09671820e-01
 2.18159310e-02
 1.40445010e-04
 -2.44458380e-07
 -5.07072540e-09
 -2.50560380e-11
 -8.76540300e-14
 -2.46026040e-16
 -5.75392930e-19
 -1.17384230e-21
 -2.15717410e-24
 -3.65342290e-27
 -2.04791880e-31
 -6.31162740e-11
 4.44999610e-04
 3.41817270e+00
 4.99290390e+00
 5.00000170e+00
 4.99999820e+00
 4.63712620e+00
 2.90147730e+00
 1.41364480e+00
 3.87980190e-01
 4.21384030e-02
 1.44335890e-03
 5.06140400e-06
 -8.61813450e-07
 -3.33599850e-08
 -8.16723180e-10
 -1.60895090e-11
 -2.91401760e-13
 -4.80476070e-15
