  -1.6252436e-19
  -1.2512554e-06
   1.1775351e+00
   5.6265557e+00
   5.0029402e+00
   4.9999993e+00
   4.9999954e+00
   4.1323413e+00
   7.0967182e-01
   2.1815931e-02
   1.4044501e-04
  -2.4445838e-07
  -5.0707254e-09
  -2.5056038e-11
  -8.7654030e-14
  -2.4602604e-16
  -5.7539293e-19
  -1.1738423e-21
  -2.1571741e-24
  -3.6534229e-27
  -2.0479188e-31
  -6.3116274e-11
   4.4499961e-04
   3.4181727e+00
   4.9929039e+00
   5.0000017e+00
   4.9999982e+00
   4.6371262e+00
   2.9014773e+00
   1.4136448e+00
   3.8798019e-01
   4.2138403e-02
   1.4433589e-03
   5.0614040e-06
  -8.6181345e-07
  -3.3359985e-08
  -8.1672318e-10
  -1.6089509e-11
  -2.9140176e-13
  -4.8047607e-15
