  -4.6639971e-19
  -1.4675658e-05
   1.1816461e+00
   5.6232659e+00
   5.0029893e+00
   4.9999889e+00
   4.9999981e+00
   4.1311151e+00
   7.1016515e-01
   2.2291284e-02
   1.2578636e-04
  -1.9311543e-06
  -2.8764674e-08
  -1.6491360e-10
  -6.5270550e-13
  -2.0978783e-15
  -5.6430886e-18
  -1.3300363e-20
  -2.8369460e-23
  -5.6021023e-26
  -5.5918767e-31
  -1.7464613e-10
  -3.0993268e-04
   3.4233361e+00
   4.9928065e+00
   5.0000268e+00
   4.9999995e+00
   4.6366084e+00
   2.9008316e+00
   1.4136516e+00
   3.8830744e-01
   4.2933342e-02
   1.4564559e-03
  -3.7675586e-05
  -5.0337530e-06
  -2.2281620e-07
  -6.5566773e-09
  -1.5128842e-10
  -3.1262247e-12
  -5.9791296e-14
