   2.0250022825773939E-025
   5.2401774647160586E-006
   1.1854574989817441     
   5.6065106339719986     
   5.0022097721260774     
   5.0000012528469897     
   4.9999956077762802     
   4.1484001448544339     
  0.67619744087109879     
   1.7452310650017008E-002
   9.0084553073133908E-005
   9.9544227339920368E-008
   3.3684016788023904E-011
   7.2133454343261530E-015
   9.9471793054068970E-019
   1.0050780176792419E-022
   8.1318901888557006E-027
   5.5870675428775002E-031
   3.3929981382968478E-035
   1.8732866576269351E-039
   2.1273264542612130E-041
   2.8838052618425529E-014
   8.1398034077351559E-004
   3.4666431659304431     
   4.9946074032161114     
   4.9999970124512814     
   4.9999981989842457     
   4.6478180616016340     
   2.9071222236030128     
   1.3998366636111033     
  0.36625281301830043     
   3.5013011531403071E-002
   1.0027358366343760E-003
   1.0721268108069733E-005
   5.5288213606569237E-008
   1.7569833620048518E-010
   4.9152709665470689E-013
   1.1158378037189571E-015
   2.1022220268454469E-018
   3.4179392314073307E-021
