  -3.7889596e-02
  -2.8191462e-02
   1.2036423e+00
   5.6000707e+00
   4.9582129e+00
   4.9795360e+00
   4.9919490e+00
   4.1530260e+00
   6.6204221e-01
   3.7572371e-02
   4.0493961e-03
   6.6219518e-02
  -1.0658524e-02
  -6.7239322e-03
  -5.8567791e-02
  -6.9263134e-02
   1.5525416e-02
  -1.2474453e-02
   2.5187203e-02
  -4.4633070e-02
   9.5425617e-02
   6.1115350e-03
   5.3324949e-02
   3.4040306e+00
   4.9847045e+00
   5.0344968e+00
   5.0277851e+00
   4.5811397e+00
   2.8250211e+00
   1.3588205e+00
   3.1718590e-01
   4.4809944e-02
  -1.9094236e-02
  -1.8380078e-02
  -6.8048012e-02
   3.8978372e-02
   2.1970556e-02
  -4.4811242e-03
   5.1059006e-02
  -4.3698973e-02
