 -3.78895960e-02
 -2.81914620e-02
 1.20364230e+00
 5.60007070e+00
 4.95821290e+00
 4.97953600e+00
 4.99194900e+00
 4.15302600e+00
 6.62042210e-01
 3.75723710e-02
 4.04939610e-03
 6.62195180e-02
 -1.06585240e-02
 -6.72393220e-03
 -5.85677910e-02
 -6.92631340e-02
 1.55254160e-02
 -1.24744530e-02
 2.51872030e-02
 -4.46330700e-02
 9.54256170e-02
 6.11153500e-03
 5.33249490e-02
 3.40403060e+00
 4.98470450e+00
 5.03449680e+00
 5.02778510e+00
 4.58113970e+00
 2.82502110e+00
 1.35882050e+00
 3.17185900e-01
 4.48099440e-02
 -1.90942360e-02
 -1.83800780e-02
 -6.80480120e-02
 3.89783720e-02
 2.19705560e-02
 -4.48112420e-03
 5.10590060e-02
 -4.36989730e-02
