 -6.10471890e-19
 -5.82178630e-06
 1.66010470e+01
 1.25263860e+01
 3.29649030e+00
 2.45212120e-01
 4.51979070e-03
 1.54808650e-05
 -1.10574180e-07
 -1.04349940e-09
 -4.45240820e-12
 -1.46273500e-14
 -3.86435200e-17
 -8.63460450e-20
 -1.70119260e-22
 -3.04245870e-25
 -5.04265850e-28
 -7.86433210e-31
 -1.16732890e-33
 -1.66366300e-36
 -9.83429930e-31
 -1.66060280e-09
 3.41881650e+00
 1.26386220e+01
 6.11697810e+00
 2.86129980e+00
 1.10006470e+00
 2.28661540e-01
 1.72434250e-02
 3.79038700e-04
 -3.59231420e-06
 -3.79127780e-07
 -1.19554480e-08
 -2.68891990e-10
 -5.10252280e-12
 -8.97901000e-14
 -1.43577550e-15
 -2.10890420e-17
 -2.88712910e-19
 -3.72858810e-21
