  -6.1047189e-19
  -5.8217863e-06
   1.6601047e+01
   1.2526386e+01
   3.2964903e+00
   2.4521212e-01
   4.5197907e-03
   1.5480865e-05
  -1.1057418e-07
  -1.0434994e-09
  -4.4524082e-12
  -1.4627350e-14
  -3.8643520e-17
  -8.6346045e-20
  -1.7011926e-22
  -3.0424587e-25
  -5.0426585e-28
  -7.8643321e-31
  -1.1673289e-33
  -1.6636630e-36
  -9.8342993e-31
  -1.6606028e-09
   3.4188165e+00
   1.2638622e+01
   6.1169781e+00
   2.8612998e+00
   1.1000647e+00
   2.2866154e-01
   1.7243425e-02
   3.7903870e-04
  -3.5923142e-06
  -3.7912778e-07
  -1.1955448e-08
  -2.6889199e-10
  -5.1025228e-12
  -8.9790100e-14
  -1.4357755e-15
  -2.1089042e-17
  -2.8871291e-19
  -3.7285881e-21
