   8.1846095600140318E-024
   5.6228621346147681E-005
   16.496227781409580     
   12.483141756029678     
   3.3379069662432435     
  0.27786427991234530     
   6.4045183256905463E-003
   4.0235743150008928E-005
   6.9666042606380699E-008
   4.7055776671754637E-011
   2.1847937574994048E-014
   7.1108010948622127E-018
   1.7890406142571133E-021
   3.7290079497369662E-025
   6.7458518770530535E-029
   1.0940123242077114E-032
   1.6280204874455986E-036
   2.2615242110013715E-040
   2.9706953847850754E-044
   3.7267962404126095E-048
   2.9934116198633297E-039
   3.4913237416036849E-012
   3.4466208767595923     
   12.597074128843076     
   6.0771925901681279     
   2.8720470272070395     
   1.1543339660961891     
  0.26802626034631671     
   2.4775177472210960E-002
   8.3129029185778581E-004
   1.2560374160108338E-005
   1.0572773769058728E-007
   5.8903455030775170E-010
   2.8771442527842827E-012
   1.2100849553876600E-014
   4.3628266218216964E-017
   1.3888347028284070E-019
   3.9979570695566866E-022
   1.0600107326071823E-024
   2.6257726674319426E-027
