  -2.3328306e-02
   2.9650539e-02
   1.6638285e+01
   1.2520403e+01
   3.3161221e+00
   2.1327053e-01
   8.9255813e-02
  -3.3233569e-02
   9.7864719e-02
   6.1762474e-02
   3.9253360e-03
   4.0345274e-02
  -5.4587579e-02
  -2.8020916e-02
  -6.2522150e-02
   3.2520802e-02
   2.7639375e-02
  -2.6991314e-02
  -1.8762154e-02
   2.8060826e-02
  -5.2682221e-02
  -1.2726366e-02
   3.3887817e+00
   1.2627626e+01
   6.1096036e+00
   2.8227269e+00
   1.0723798e+00
   1.9890831e-01
   1.2673714e-03
  -1.7873733e-02
  -1.8802234e-02
  -3.5598778e-02
  -8.3321011e-02
   2.6389772e-03
   3.9319277e-02
  -6.1395184e-02
   1.3484811e-02
   5.0864772e-03
  -2.9707831e-02
  -8.4881543e-02
