 -2.33283060e-02
 2.96505390e-02
 1.66382850e+01
 1.25204030e+01
 3.31612210e+00
 2.13270530e-01
 8.92558130e-02
 -3.32335690e-02
 9.78647190e-02
 6.17624740e-02
 3.92533600e-03
 4.03452740e-02
 -5.45875790e-02
 -2.80209160e-02
 -6.25221500e-02
 3.25208020e-02
 2.76393750e-02
 -2.69913140e-02
 -1.87621540e-02
 2.80608260e-02
 -5.26822210e-02
 -1.27263660e-02
 3.38878170e+00
 1.26276260e+01
 6.10960360e+00
 2.82272690e+00
 1.07237980e+00
 1.98908310e-01
 1.26737140e-03
 -1.78737330e-02
 -1.88022340e-02
 -3.55987780e-02
 -8.33210110e-02
 2.63897720e-03
 3.93192770e-02
 -6.13951840e-02
 1.34848110e-02
 5.08647720e-03
 -2.97078310e-02
 -8.48815430e-02
