   4.1056000e-02
   2.2890000e-03
   6.5800000e-04
   7.7400000e-04
   3.5400000e-03
   1.5900000e-04
   1.3600000e-04
   1.3400000e-04
   3.5300000e-04
   1.8000000e-04
   1.2500000e-04
   1.2300000e-04
   1.3600000e-04
   1.2300000e-04
   1.2300000e-04
   1.2300000e-04
   1.2300000e-04
   1.2300000e-04
   1.2300000e-04
   1.2200000e-04
   1.2300000e-04
   1.2300000e-04
   1.2300000e-04
   1.2200000e-04
   1.2300000e-04
   1.2800000e-04
   1.2300000e-04
   1.2300000e-04
   1.2200000e-04
   1.2300000e-04
   1.3700000e-04
   1.2300000e-04
   1.2200000e-04
   1.2300000e-04
   1.2300000e-04
   1.2300000e-04
   1.2600000e-04
   1.2900000e-04
   1.2500000e-04
   1.2300000e-04
   1.2700000e-04
   1.2900000e-04
   1.2400000e-04
   1.2400000e-04
   1.2400000e-04
   1.2600000e-04
   1.2300000e-04
   1.3100000e-04
   1.2300000e-04
   1.2300000e-04
   1.2300000e-04
   1.2300000e-04
   1.2300000e-04
   1.2300000e-04
   1.2300000e-04
   1.2300000e-04
   1.2300000e-04
   1.2300000e-04
   1.2300000e-04
   1.2300000e-04
   1.2300000e-04
   1.3100000e-04
   1.6200000e-04
   1.2600000e-04
   1.2400000e-04
   1.2500000e-04
   1.2400000e-04
   1.2500000e-04
   1.3700000e-04
   1.2600000e-04
   1.2400000e-04
   1.2400000e-04
   1.3000000e-04
   1.2500000e-04
   1.2500000e-04
   1.2400000e-04
   1.2400000e-04
   1.2400000e-04
   1.2300000e-04
   1.2400000e-04
   1.2500000e-04
   1.2700000e-04
   1.2300000e-04
   1.2400000e-04
   1.2300000e-04
   1.2300000e-04
   1.3200000e-04
   1.2500000e-04
   1.2400000e-04
   1.2400000e-04
   1.2400000e-04
   1.2400000e-04
   1.2600000e-04
   1.2300000e-04
   1.2300000e-04
   1.2600000e-04
   1.2300000e-04
   1.2400000e-04
   1.2300000e-04
   1.2300000e-04
   1.2300000e-04
   1.2300000e-04
   1.2400000e-04
   1.3100000e-04
   1.3300000e-04
   1.2400000e-04
   1.2300000e-04
   1.2300000e-04
   1.2300000e-04
   1.2300000e-04
   1.2300000e-04
   1.2300000e-04
   1.2200000e-04
   1.2400000e-04
   1.2300000e-04
   1.2300000e-04
   1.2300000e-04
   1.3100000e-04
   1.2300000e-04
   1.2300000e-04
   1.3100000e-04
   1.2300000e-04
   1.2300000e-04
   1.2900000e-04
   1.2300000e-04
   1.2300000e-04
   1.2400000e-04
   1.2400000e-04
   1.2300000e-04
   1.2400000e-04
   1.2300000e-04
   1.2300000e-04
   1.2400000e-04
   1.2500000e-04
   1.2200000e-04
   1.2300000e-04
   1.2300000e-04
   1.2800000e-04
   1.3200000e-04
   1.2300000e-04
   1.2500000e-04
   1.2500000e-04
   1.2300000e-04
   1.2200000e-04
   1.2200000e-04
   1.2300000e-04
   1.2200000e-04
   1.2300000e-04
   1.2200000e-04
   1.2200000e-04
   1.2300000e-04
   1.2200000e-04
   1.2500000e-04
   1.2200000e-04
   1.2200000e-04
   1.2900000e-04
   1.2200000e-04
   1.2200000e-04
   1.2200000e-04
   1.2200000e-04
   1.2200000e-04
   1.2200000e-04
   1.2200000e-04
   1.2200000e-04
   1.2200000e-04
   1.2300000e-04
   1.2200000e-04
   1.2200000e-04
   1.2200000e-04
   1.7200000e-04
   1.2300000e-04
   1.2300000e-04
   1.3000000e-04
   1.2300000e-04
   1.2300000e-04
   1.2200000e-04
   1.2300000e-04
   1.2300000e-04
   1.2300000e-04
   1.2300000e-04
   1.3000000e-04
   1.2200000e-04
   1.2200000e-04
   1.2300000e-04
   1.2200000e-04
   1.2300000e-04
   1.2300000e-04
   1.2200000e-04
   1.2300000e-04
   1.3000000e-04
   1.2300000e-04
   1.2200000e-04
   1.2300000e-04
   1.2300000e-04
   1.2500000e-04
   1.2300000e-04
   1.2300000e-04
   1.2200000e-04
   1.2200000e-04
   1.2200000e-04
   1.2200000e-04
   1.2700000e-04
   1.2200000e-04
   1.2200000e-04
   1.2200000e-04
   1.2200000e-04
   1.2200000e-04
   1.2200000e-04
   1.2200000e-04
   1.2200000e-04
   1.2300000e-04
   1.2200000e-04
   1.2200000e-04
   1.2200000e-04
   1.2200000e-04
   1.2300000e-04
   1.2200000e-04
   1.2200000e-04
   1.2200000e-04
   1.2200000e-04
   1.2200000e-04
   1.2300000e-04
   1.2200000e-04
   1.2200000e-04
   1.2200000e-04
   1.2200000e-04
   1.2200000e-04
   1.2200000e-04
   1.2200000e-04
   1.2100000e-04
   1.3000000e-04
   1.2300000e-04
   1.2300000e-04
   1.2300000e-04
   1.3500000e-04
   1.2300000e-04
   1.2300000e-04
   1.2200000e-04
   1.2500000e-04
   1.2200000e-04
   1.2200000e-04
   1.2200000e-04
   1.2200000e-04
   1.2200000e-04
   1.2200000e-04
   1.2200000e-04
   1.3000000e-04
   1.2300000e-04
   1.2300000e-04
   1.2200000e-04
   1.6900000e-04
   1.2500000e-04
   1.2300000e-04
   1.2200000e-04
   1.2300000e-04
   1.2200000e-04
   1.2200000e-04
   1.2300000e-04
   1.2200000e-04
   1.2300000e-04
   1.2300000e-04
   1.2200000e-04
   1.2300000e-04
   1.2200000e-04
   1.2200000e-04
   1.2300000e-04
   1.2800000e-04
   1.2300000e-04
   1.2200000e-04
   1.2300000e-04
   1.2500000e-04
   1.2200000e-04
   1.2200000e-04
   1.2200000e-04
   1.2200000e-04
   1.2200000e-04
   1.2100000e-04
   1.2200000e-04
   1.3000000e-04
   1.2200000e-04
   1.2300000e-04
   1.2300000e-04
   1.2200000e-04
   1.2200000e-04
   1.2300000e-04
   1.2300000e-04
   1.2200000e-04
   1.2200000e-04
   1.2300000e-04
   1.2300000e-04
   1.2200000e-04
   1.2200000e-04
   1.2200000e-04
   1.2300000e-04
   1.2300000e-04
   1.2500000e-04
   1.2200000e-04
   1.2200000e-04
   1.2800000e-04
   1.2300000e-04
   1.2200000e-04
   1.2200000e-04
   1.2400000e-04
   1.2700000e-04
   1.2300000e-04
   1.2300000e-04
   1.2300000e-04
   1.2200000e-04
   1.2200000e-04
   1.2200000e-04
   1.2300000e-04
   1.2300000e-04
   1.2300000e-04
   1.2300000e-04
   1.2300000e-04
   1.2300000e-04
   1.2300000e-04
   1.2300000e-04
   1.2300000e-04
   1.2800000e-04
   1.2300000e-04
   1.2300000e-04
   1.2200000e-04
   1.2300000e-04
   1.2300000e-04
   1.2300000e-04
   1.2300000e-04
   1.2500000e-04
   1.2200000e-04
   1.2200000e-04
   1.2200000e-04
   1.2600000e-04
   1.2100000e-04
   1.2100000e-04
   1.2200000e-04
   1.2900000e-04
   1.2200000e-04
   1.2300000e-04
   1.2200000e-04
   1.2300000e-04
   1.2200000e-04
   1.2200000e-04
   1.2300000e-04
   1.2500000e-04
   1.2200000e-04
   1.2200000e-04
   1.2200000e-04
   1.2100000e-04
   1.2100000e-04
   1.2200000e-04
   1.2200000e-04
   1.2200000e-04
   1.2200000e-04
   1.2200000e-04
   1.2100000e-04
   1.2100000e-04
   1.2100000e-04
   1.2200000e-04
   1.2200000e-04
   1.2200000e-04
   1.3000000e-04
   1.2200000e-04
   1.2200000e-04
   1.2900000e-04
   1.2300000e-04
   1.2200000e-04
   1.2300000e-04
   1.2200000e-04
   1.2400000e-04
   1.2100000e-04
   1.2100000e-04
   1.2100000e-04
   1.2200000e-04
   1.2200000e-04
   1.2200000e-04
   1.2200000e-04
   1.3000000e-04
   1.2200000e-04
   1.2300000e-04
   1.2300000e-04
   1.2200000e-04
   1.2200000e-04
   1.2300000e-04
   1.2200000e-04
   1.2200000e-04
   1.2300000e-04
   1.2200000e-04
   1.2200000e-04
   1.2200000e-04
   1.2300000e-04
   1.2200000e-04
   1.2300000e-04
   1.2200000e-04
   1.2200000e-04
   1.2300000e-04
   1.2300000e-04
   1.2700000e-04
   1.2300000e-04
   1.2300000e-04
   1.2200000e-04
   1.2200000e-04
   1.2200000e-04
   1.2200000e-04
   1.2300000e-04
   1.2200000e-04
   1.2300000e-04
   1.2200000e-04
   1.2200000e-04
   1.2200000e-04
   1.2300000e-04
   1.2200000e-04
   1.2200000e-04
   1.2300000e-04
   1.2200000e-04
   1.2200000e-04
   1.2300000e-04
   1.2300000e-04
   1.2200000e-04
   1.2300000e-04
   1.2200000e-04
   1.2200000e-04
   1.2300000e-04
   1.2200000e-04
   1.2300000e-04
   1.2200000e-04
   1.2800000e-04
   1.2200000e-04
   1.2300000e-04
   1.2800000e-04
   1.2300000e-04
   1.2300000e-04
   1.2400000e-04
   1.2300000e-04
   1.2300000e-04
   1.2300000e-04
   1.2300000e-04
   1.2300000e-04
   1.2300000e-04
   1.2300000e-04
   1.2400000e-04
   1.2300000e-04
   1.2300000e-04
   1.2300000e-04
   1.2300000e-04
   1.2200000e-04
   1.2300000e-04
   1.2300000e-04
   1.2300000e-04
   1.2300000e-04
   1.2500000e-04
   1.2300000e-04
   1.2200000e-04
   1.2200000e-04
   1.2200000e-04
   1.2200000e-04
   1.2200000e-04
   1.2200000e-04
   1.3000000e-04
   1.2300000e-04
   1.2200000e-04
   1.2300000e-04
   1.2800000e-04
   1.2300000e-04
   1.2300000e-04
   1.2200000e-04
   1.2300000e-04
   1.2300000e-04
   1.2300000e-04
   1.2300000e-04
   1.2300000e-04
   1.2300000e-04
   1.2300000e-04
   1.2300000e-04
   1.2400000e-04
   1.2500000e-04
   1.2200000e-04
   1.2200000e-04
   1.2200000e-04
   1.2300000e-04
   1.2300000e-04
   1.2200000e-04
   1.2500000e-04
   1.2800000e-04
   1.2300000e-04
   1.2300000e-04
   1.2400000e-04
   1.2300000e-04
   1.2300000e-04
   1.2300000e-04
   1.2300000e-04
   1.2300000e-04
   1.2300000e-04
   1.2300000e-04
   1.2700000e-04
   1.2300000e-04
   1.2300000e-04
   1.2300000e-04
   1.2300000e-04
   1.2400000e-04
   1.2300000e-04
   1.2300000e-04
   1.2300000e-04
   1.2200000e-04
   1.2200000e-04
   1.2300000e-04
   1.2300000e-04
   1.2600000e-04
   1.2200000e-04
   1.2200000e-04
   1.2200000e-04
   1.2300000e-04
   1.2200000e-04
   1.2300000e-04
   1.2200000e-04
   1.3100000e-04
   1.2300000e-04
   1.2300000e-04
   1.2200000e-04
   1.2300000e-04
   1.2300000e-04
   1.2300000e-04
   1.2300000e-04
   1.2300000e-04
   1.2300000e-04
   1.2300000e-04
   1.2700000e-04
   1.2300000e-04
   1.2300000e-04
   1.2300000e-04
   1.2300000e-04
   1.2600000e-04
   1.2300000e-04
   1.2200000e-04
   1.2300000e-04
   1.2200000e-04
   1.2200000e-04
   1.2300000e-04
   1.2200000e-04
   1.3100000e-04
   1.2300000e-04
   1.2300000e-04
   1.2300000e-04
   1.2300000e-04
   1.2300000e-04
   1.2300000e-04
   1.2300000e-04
   1.2200000e-04
   1.2300000e-04
   1.2300000e-04
   1.2300000e-04
   1.2300000e-04
   1.2300000e-04
   1.2300000e-04
   1.2300000e-04
   1.2700000e-04
   1.2400000e-04
   1.2400000e-04
   1.2300000e-04
   1.2800000e-04
   1.2300000e-04
   1.2300000e-04
   1.2300000e-04
   1.2300000e-04
   1.2500000e-04
   1.2200000e-04
   1.2200000e-04
   1.2200000e-04
   1.2200000e-04
   1.2200000e-04
   1.2200000e-04
   1.2200000e-04
   1.3000000e-04
   1.2200000e-04
   1.2300000e-04
   1.2300000e-04
   1.2300000e-04
   1.2300000e-04
   1.2300000e-04
   1.2300000e-04
   1.2300000e-04
   1.2300000e-04
   1.2300000e-04
   1.2300000e-04
   1.2300000e-04
   1.2300000e-04
   1.2300000e-04
   1.2300000e-04
   1.2300000e-04
   1.2300000e-04
   1.2300000e-04
   1.2800000e-04
   1.2300000e-04
   1.2300000e-04
   1.2300000e-04
   1.2300000e-04
   1.2600000e-04
   1.2200000e-04
   1.2200000e-04
   1.2200000e-04
   1.2200000e-04
   1.2300000e-04
   1.2200000e-04
   1.2300000e-04
   1.3000000e-04
   1.2300000e-04
   1.2300000e-04
   1.2300000e-04
   1.2300000e-04
   1.2300000e-04
   1.2300000e-04
   1.2300000e-04
   1.2300000e-04
   1.2300000e-04
   1.2300000e-04
   1.2300000e-04
   1.2300000e-04
   1.2200000e-04
   1.2300000e-04
   1.2300000e-04
   1.2300000e-04
   1.2300000e-04
   1.2300000e-04
   1.2300000e-04
   1.2800000e-04
   1.2300000e-04
   1.2300000e-04
   1.2300000e-04
   1.2300000e-04
   1.2500000e-04
   1.2300000e-04
   1.2200000e-04
   1.2200000e-04
   1.2200000e-04
   1.2200000e-04
   1.2200000e-04
   1.2400000e-04
   1.2900000e-04
   1.2300000e-04
   1.2300000e-04
   1.2400000e-04
   1.2300000e-04
   1.2300000e-04
   1.2300000e-04
   1.2300000e-04
   1.2200000e-04
   1.2300000e-04
   1.2300000e-04
   1.2300000e-04
   1.2300000e-04
   1.2300000e-04
   1.2300000e-04
   1.2300000e-04
   1.2500000e-04
   1.2300000e-04
   1.2200000e-04
   1.2600000e-04
   1.2200000e-04
   1.2200000e-04
   1.2200000e-04
   1.2200000e-04
   1.3000000e-04
   1.2200000e-04
   1.2300000e-04
   1.2300000e-04
   1.2200000e-04
   1.2300000e-04
   1.2300000e-04
   1.2300000e-04
   1.2300000e-04
   1.2300000e-04
   1.2400000e-04
   1.2300000e-04
   1.2300000e-04
   1.2300000e-04
   1.2300000e-04
   1.2300000e-04
   1.2400000e-04
   1.2300000e-04
   1.2400000e-04
   1.2300000e-04
   1.2300000e-04
   1.2300000e-04
   1.2300000e-04
   1.2300000e-04
   1.2900000e-04
   1.2300000e-04
   1.2300000e-04
   1.2800000e-04
   1.2300000e-04
   1.2300000e-04
   1.2300000e-04
   1.2200000e-04
   1.2300000e-04
   1.2300000e-04
   1.2300000e-04
   1.2300000e-04
   1.2300000e-04
   1.2300000e-04
   1.2300000e-04
   1.2300000e-04
   1.2300000e-04
   1.2300000e-04
   1.2300000e-04
   1.2300000e-04
   1.2300000e-04
   1.2300000e-04
   1.2200000e-04
   1.2300000e-04
   1.2300000e-04
   1.2300000e-04
   1.2300000e-04
   1.2300000e-04
   1.2400000e-04
   1.2300000e-04
   1.2300000e-04
   1.2300000e-04
   1.2300000e-04
   1.2400000e-04
   1.2300000e-04
   1.2300000e-04
   1.2700000e-04
   1.2300000e-04
   1.2300000e-04
   1.2300000e-04
   1.2300000e-04
   1.2300000e-04
   1.2300000e-04
   1.2300000e-04
   1.2300000e-04
   1.2300000e-04
   1.2300000e-04
   1.2300000e-04
   1.2300000e-04
   1.2400000e-04
   1.2700000e-04
   1.2200000e-04
   1.2200000e-04
   1.2200000e-04
   1.2300000e-04
   1.2300000e-04
   1.2300000e-04
   1.2300000e-04
   1.2300000e-04
   1.2300000e-04
   1.2300000e-04
   1.2300000e-04
   1.2300000e-04
   1.2300000e-04
   1.2300000e-04
   1.2300000e-04
   1.2300000e-04
   1.2300000e-04
   1.2800000e-04
   1.2300000e-04
   1.2300000e-04
   1.2300000e-04
   1.2300000e-04
   1.2300000e-04
   1.2300000e-04
   1.2300000e-04
   1.2200000e-04
   1.2300000e-04
   1.2300000e-04
   1.2300000e-04
   1.2300000e-04
   1.2200000e-04
   1.2300000e-04
   1.2300000e-04
   1.2300000e-04
   1.2300000e-04
   1.2200000e-04
   1.2300000e-04
   1.3800000e-04
   1.1600000e-04
   1.1400000e-04
   1.1400000e-04
   1.1400000e-04
   1.1300000e-04
   1.1400000e-04
   1.1400000e-04
   1.1400000e-04
   1.1300000e-04
   1.1300000e-04
   1.1300000e-04
   1.1300000e-04
   1.1700000e-04
   1.1300000e-04
   1.1300000e-04
   1.1300000e-04
   1.1300000e-04
   1.1300000e-04
   1.1300000e-04
   1.1300000e-04
   1.1300000e-04
   1.1400000e-04
   1.1400000e-04
   1.1300000e-04
   1.1300000e-04
   1.1400000e-04
   1.1300000e-04
   1.1400000e-04
   1.1300000e-04
   1.1300000e-04
   1.1400000e-04
   1.1300000e-04
   1.1300000e-04
   1.1400000e-04
   1.1400000e-04
   1.1300000e-04
   1.1400000e-04
   1.1300000e-04
   1.1300000e-04
   1.1300000e-04
   1.1300000e-04
   1.1300000e-04
   1.1400000e-04
   1.1300000e-04
   1.1300000e-04
   1.1300000e-04
   1.1300000e-04
   1.1300000e-04
   1.1800000e-04
   1.1400000e-04
   1.1300000e-04
   1.1400000e-04
   1.1300000e-04
   1.1400000e-04
   1.1300000e-04
   1.1300000e-04
   1.1300000e-04
   1.1400000e-04
   1.1300000e-04
   1.1400000e-04
   1.1300000e-04
   1.1300000e-04
   1.1300000e-04
   1.1300000e-04
   1.1300000e-04
   1.1300000e-04
   1.1300000e-04
   1.1300000e-04
   1.1300000e-04
   1.1300000e-04
   1.1400000e-04
   1.1300000e-04
   1.1400000e-04
   1.1300000e-04
   1.1300000e-04
   1.1400000e-04
   1.1300000e-04
   1.1400000e-04
   1.1300000e-04
   1.1400000e-04
   1.1300000e-04
   1.1400000e-04
   1.1300000e-04
   1.1800000e-04
   1.1400000e-04
   1.1300000e-04
   1.1300000e-04
   1.1300000e-04
   1.1400000e-04
   1.1300000e-04
   1.1300000e-04
   1.1400000e-04
   1.1400000e-04
   1.1300000e-04
   1.1300000e-04
   1.1300000e-04
   1.1400000e-04
   1.1300000e-04
   1.1300000e-04
   1.1300000e-04
   1.1400000e-04
   1.1400000e-04
   1.1400000e-04
   1.1400000e-04
   1.1400000e-04
   1.1300000e-04
   1.1300000e-04
   1.1300000e-04
   1.1400000e-04
   1.1400000e-04
   1.1400000e-04
   1.1400000e-04
   1.1300000e-04
   1.1400000e-04
   1.1400000e-04
   1.1300000e-04
   1.1300000e-04
   1.1300000e-04
   1.1800000e-04
   1.1400000e-04
   1.1400000e-04
   1.1400000e-04
   1.1400000e-04
   1.1300000e-04
   1.1300000e-04
   1.1300000e-04
   1.1300000e-04
   1.1400000e-04
   1.1400000e-04
   1.1300000e-04
   1.1300000e-04
   1.1300000e-04
   1.1400000e-04
   1.1400000e-04
   1.1400000e-04
   1.1300000e-04
   1.1300000e-04
   1.1300000e-04
   1.1300000e-04
   1.1300000e-04
   1.1400000e-04
   1.1300000e-04
   1.1300000e-04
   1.1300000e-04
   1.1400000e-04
   1.1400000e-04
   1.1400000e-04
   1.1400000e-04
   1.1400000e-04
   1.1300000e-04
   1.1400000e-04
   1.1400000e-04
   1.1400000e-04
   1.1800000e-04
   1.1400000e-04
   1.1300000e-04
   1.1400000e-04
   1.1400000e-04
   1.1400000e-04
   1.1400000e-04
   1.1400000e-04
   1.1300000e-04
   1.1400000e-04
   1.1300000e-04
   1.1300000e-04
   1.1300000e-04
   1.1400000e-04
   1.1400000e-04
   1.1400000e-04
   1.1400000e-04
   1.1300000e-04
   1.1400000e-04
   1.1400000e-04
   1.1300000e-04
   1.1300000e-04
   1.1400000e-04
   1.1400000e-04
   1.1400000e-04
   1.1400000e-04
   1.1300000e-04
   1.1300000e-04
   1.1400000e-04
   1.1400000e-04
   1.1400000e-04
   1.1400000e-04
   1.1300000e-04
   1.1300000e-04
   1.1400000e-04
   1.1900000e-04
   1.1300000e-04
   1.1400000e-04
   1.1300000e-04
   1.1400000e-04
   1.1400000e-04
   1.1300000e-04
   1.1300000e-04
   1.1300000e-04
   1.1400000e-04
   1.1400000e-04
   1.1400000e-04
   1.1300000e-04
   1.1300000e-04
   1.1400000e-04
   1.1400000e-04
   1.1400000e-04
   1.1400000e-04
   1.1400000e-04
   1.1400000e-04
   1.1400000e-04
   1.1400000e-04
   1.1300000e-04
   1.1400000e-04
   1.1300000e-04
   1.1400000e-04
   1.1400000e-04
   1.1400000e-04
   1.1300000e-04
   1.1300000e-04
   1.1400000e-04
   1.1400000e-04
   1.1400000e-04
   1.1400000e-04
   1.1300000e-04
   1.2000000e-04
   1.1400000e-04
   1.1300000e-04
   1.1400000e-04
