   5.5231400e-01
   5.5013100e-01
   5.4936300e-01
   5.2756700e-01
   5.2841500e-01
   5.2915800e-01
   5.4767900e-01
   5.4862500e-01
   5.4928100e-01
   5.5074100e-01
   5.5135700e-01
   5.5400400e-01
   5.2852500e-01
   5.3084700e-01
   5.5136200e-01
   5.5367300e-01
   5.2889500e-01
   5.4222900e-01
   5.5642200e-01
   5.5522700e-01
   5.5141200e-01
   5.5641000e-01
   5.4896000e-01
   5.5491100e-01
   5.5531000e-01
   5.2989600e-01
   5.2942500e-01
   5.2994200e-01
   5.5135500e-01
   5.5209700e-01
   5.5136500e-01
   5.2900000e-01
   5.2757900e-01
   5.2886400e-01
   5.2646200e-01
   5.2847100e-01
   5.4843900e-01
   5.3122700e-01
   5.4992500e-01
   5.5359100e-01
   5.5619700e-01
   5.5341800e-01
   5.5292100e-01
   5.5085900e-01
   5.5034500e-01
   5.5301100e-01
   5.4977300e-01
   5.5592600e-01
   5.3018100e-01
   5.4978400e-01
   5.5209400e-01
   5.3203500e-01
   5.3065200e-01
   5.4864000e-01
   5.4374300e-01
   5.5338300e-01
   5.2974400e-01
   5.5100900e-01
   5.2927800e-01
   5.5087600e-01
   5.2988800e-01
   5.5340700e-01
   5.2986600e-01
   5.5148600e-01
   5.5250500e-01
   5.5053200e-01
   5.5417000e-01
   5.5384300e-01
   5.5530400e-01
   5.2975200e-01
   5.5352800e-01
   5.5358500e-01
   5.2925100e-01
   5.5214000e-01
   5.5577400e-01
   5.5532300e-01
   5.5454300e-01
   5.3068300e-01
   5.5329600e-01
   5.5523000e-01
   5.5439500e-01
   5.5365600e-01
   5.5293800e-01
   5.2884800e-01
   5.5213600e-01
   5.5443000e-01
   5.3006700e-01
   5.5589400e-01
   5.2870100e-01
   5.5257000e-01
   5.5590500e-01
   5.5557500e-01
   5.5350000e-01
   5.2957700e-01
   5.5191200e-01
   5.5287400e-01
   5.5149000e-01
   5.5583400e-01
   5.5336500e-01
   5.5807300e-01
   5.3058000e-01
   5.3024100e-01
   5.5146600e-01
   5.5468600e-01
   5.3008800e-01
   5.5263400e-01
   5.5201200e-01
   5.6396000e-01
   5.5131300e-01
   5.5234700e-01
   5.5196100e-01
   5.5317300e-01
   5.5282400e-01
   5.3244900e-01
   5.3304300e-01
   5.5285700e-01
   5.5162600e-01
   5.4987900e-01
   5.5275300e-01
   5.5075900e-01
   5.2968200e-01
   5.5185400e-01
   5.3036100e-01
   5.3107700e-01
   5.5291500e-01
   5.5584700e-01
   5.2987200e-01
   5.5456500e-01
   5.3039600e-01
   5.5240200e-01
   5.5342200e-01
   5.2842900e-01
   5.2840700e-01
   5.2841300e-01
   5.5092800e-01
   5.5431200e-01
   5.5066400e-01
   5.5529100e-01
   5.2988300e-01
   5.5198200e-01
   5.5399700e-01
   5.2978000e-01
   5.5843700e-01
   5.5626400e-01
   5.3131500e-01
   5.3232400e-01
   5.3095900e-01
   5.3025400e-01
   5.2882100e-01
   5.5808700e-01
   5.3249900e-01
   5.2769900e-01
   5.5438700e-01
   5.5265500e-01
   5.5727600e-01
   5.5224800e-01
   5.5691100e-01
   5.5485100e-01
   5.5421300e-01
   5.3080000e-01
   5.5425400e-01
   5.7122200e-01
   5.3154400e-01
   5.5519800e-01
   5.5497700e-01
   5.5582000e-01
   5.5945100e-01
   5.5610800e-01
   5.5479700e-01
   5.3266700e-01
   5.3453200e-01
   5.5537100e-01
   5.5503200e-01
   5.5211200e-01
   5.5363500e-01
   5.5418500e-01
   5.5479500e-01
   5.2972500e-01
   5.5167800e-01
   5.5476700e-01
   5.3161900e-01
   5.3232400e-01
   5.3137300e-01
   5.3377500e-01
   5.5181800e-01
   5.3253400e-01
   5.5395400e-01
   5.3180000e-01
   5.5451700e-01
   5.3181100e-01
   5.5412400e-01
   5.3128700e-01
   5.5661200e-01
   5.3192100e-01
   5.3277700e-01
   5.3281200e-01
   5.5626700e-01
   5.5497600e-01
   5.3134500e-01
   5.3212000e-01
   5.3233900e-01
   5.3332000e-01
   5.5484700e-01
   6.5891700e-01
   5.3228000e-01
   5.3186700e-01
   5.3317700e-01
   5.3310600e-01
   5.5315400e-01
   5.5631000e-01
   5.5393300e-01
   5.5630900e-01
   5.5313500e-01
   5.5576500e-01
   5.5227400e-01
   5.5633500e-01
   5.5505600e-01
   5.5474100e-01
   5.3252300e-01
   5.5298500e-01
   5.5843600e-01
   5.3162900e-01
   5.5519100e-01
   5.6428100e-01
   5.3231700e-01
   5.3292500e-01
   5.5551500e-01
   5.5430000e-01
   5.5538100e-01
   5.5462600e-01
   5.3340400e-01
   5.5449700e-01
   5.5631900e-01
   5.5441300e-01
   5.5452100e-01
   5.6014900e-01
   5.5431300e-01
   5.3272600e-01
   5.5762700e-01
   5.5603000e-01
   5.5556900e-01
   5.5469700e-01
   5.2869900e-01
   5.5458800e-01
   5.3254500e-01
   5.5739300e-01
   5.5405400e-01
   5.3216600e-01
   5.3224700e-01
   5.3328400e-01
   5.5421000e-01
   5.3320900e-01
   5.5473400e-01
   5.6356300e-01
   5.3117400e-01
   5.5568700e-01
   5.5395700e-01
   5.3028100e-01
   5.5575000e-01
   5.3799700e-01
   5.3365300e-01
   5.5412400e-01
   5.5508200e-01
   5.3031200e-01
   5.5213800e-01
   5.5492100e-01
   5.3137000e-01
   5.3135300e-01
   5.3187300e-01
   5.3180600e-01
   5.3056500e-01
   5.5704400e-01
   5.5699700e-01
   5.3076200e-01
   5.3144100e-01
   5.3221800e-01
   5.3151500e-01
   5.3276300e-01
   5.5311200e-01
   5.3200000e-01
   5.3397400e-01
   5.5470400e-01
   5.5465100e-01
   5.5508300e-01
   5.5592200e-01
   5.5242200e-01
   5.5423500e-01
   5.3358800e-01
   5.5476800e-01
   5.5476100e-01
   5.3277600e-01
   5.3325600e-01
   5.5218600e-01
   5.5386700e-01
   5.3235100e-01
   5.3328600e-01
   5.5438500e-01
   5.5477600e-01
   5.5600900e-01
   5.5941500e-01
   5.5406100e-01
   5.5591300e-01
   5.3310700e-01
   5.5593200e-01
   5.5988600e-01
   5.5409300e-01
   5.5581300e-01
   5.5623400e-01
   5.5255300e-01
   5.2986500e-01
   5.5515900e-01
   5.5610000e-01
   5.3195700e-01
   5.3152800e-01
   5.3184500e-01
   5.3170300e-01
   5.3170900e-01
   5.5395500e-01
   5.5593800e-01
   5.5137700e-01
   5.5524400e-01
   5.3048500e-01
   5.5345700e-01
   5.5571300e-01
   5.3074400e-01
   5.5430300e-01
   5.5830500e-01
   5.5347700e-01
   5.5709300e-01
   5.5215800e-01
   5.5583200e-01
   5.5231300e-01
   5.6200100e-01
   5.3402100e-01
   5.5258800e-01
   5.5674600e-01
   5.3205000e-01
   5.3146200e-01
   5.5346200e-01
   5.5848700e-01
   5.5557100e-01
   5.5460600e-01
   5.5480800e-01
   5.3613600e-01
   5.5556100e-01
   5.3941100e-01
   5.5688300e-01
   5.5818300e-01
   5.5741900e-01
   5.5774100e-01
   5.5491000e-01
   5.3170200e-01
   5.3362400e-01
   5.5731100e-01
   5.5809300e-01
   5.3298800e-01
   5.5358400e-01
   5.5711800e-01
   5.3246800e-01
   5.5497100e-01
   5.5450300e-01
   5.5504100e-01
   5.5516600e-01
   5.3238300e-01
   5.5541300e-01
   5.5563200e-01
   5.3198000e-01
   5.3142200e-01
   5.3219900e-01
   5.3238600e-01
   5.3177400e-01
   5.3247400e-01
   5.3337500e-01
   5.5593500e-01
   5.8867000e-01
   5.5683600e-01
   5.5802600e-01
   5.5679900e-01
   5.5591000e-01
   5.5423700e-01
   5.5650900e-01
   5.5426300e-01
   5.5693100e-01
   5.3845100e-01
   5.5438100e-01
   5.5482400e-01
   5.3180300e-01
   5.3212800e-01
   5.3155200e-01
   5.5592100e-01
   5.5675700e-01
   5.3366600e-01
   5.5600600e-01
   5.5951700e-01
   5.3223600e-01
   5.5450700e-01
   5.5632800e-01
   5.3164600e-01
   5.3337200e-01
   5.5579000e-01
   5.5606400e-01
   5.3181200e-01
   5.3216300e-01
   5.3345400e-01
   5.5518100e-01
   5.5699600e-01
   5.5441300e-01
   6.3967600e-01
   5.3243400e-01
   5.5485400e-01
   5.5459700e-01
   5.5514200e-01
   5.5590600e-01
   5.3922700e-01
   5.3355000e-01
   5.5754600e-01
   5.5430200e-01
   5.5385600e-01
   5.5556700e-01
   5.3270700e-01
   5.3345300e-01
   5.5474900e-01
   5.5885000e-01
   5.3256200e-01
   5.3185800e-01
   5.3271800e-01
   5.3276100e-01
   5.5577000e-01
   5.5796100e-01
   5.5557000e-01
   5.5733700e-01
   5.3220300e-01
   5.3391900e-01
   5.3856900e-01
   5.3338700e-01
   5.5458800e-01
   5.5642200e-01
   5.5515400e-01
   5.5603600e-01
   5.3250700e-01
   5.3319900e-01
   5.5625900e-01
   5.5663300e-01
   5.3931600e-01
   5.5560200e-01
   5.3176900e-01
   5.5695900e-01
   5.3254200e-01
   5.5796300e-01
   5.5606300e-01
   5.5640500e-01
   5.5576200e-01
   5.6715900e-01
   5.6176700e-01
   5.5355600e-01
   5.5596900e-01
   5.3276900e-01
   5.3297900e-01
   5.5575100e-01
   5.5500800e-01
   5.3138100e-01
   5.3157700e-01
   5.5576300e-01
   5.8755100e-01
   5.5363900e-01
   5.3392100e-01
   5.5456700e-01
   5.3091700e-01
   5.3231300e-01
   5.3135700e-01
   5.5603600e-01
   5.5761900e-01
   5.3224200e-01
   5.3904300e-01
   5.3336500e-01
   5.5513100e-01
   5.5501000e-01
   5.3301200e-01
   5.3285600e-01
   5.5565600e-01
   5.5558600e-01
   5.3297900e-01
   5.5557400e-01
   5.5514800e-01
   5.3269500e-01
   5.5558800e-01
   5.5812200e-01
   5.5834400e-01
   5.5607300e-01
   6.0403100e-01
   5.5488200e-01
   5.5820200e-01
   5.5968300e-01
   5.5865500e-01
   5.5498300e-01
   5.3324900e-01
   5.3362500e-01
   5.5662200e-01
   5.5757000e-01
   5.5685900e-01
   5.5577200e-01
   5.3349500e-01
   5.3769300e-01
   5.3174300e-01
   5.9684000e-01
   5.5676400e-01
   5.3244700e-01
   5.5698700e-01
   5.3125600e-01
   5.5446800e-01
   5.3248300e-01
   5.5505500e-01
   5.3889900e-01
   5.3365800e-01
   5.5462000e-01
   5.3194900e-01
   5.3320600e-01
   5.3315800e-01
   5.3216900e-01
   5.5714100e-01
   5.3430200e-01
   5.5420600e-01
   5.6204600e-01
   5.5564200e-01
   5.3193300e-01
   5.5452100e-01
   5.3221100e-01
   5.3163800e-01
   5.3269400e-01
   5.3270500e-01
   5.5584600e-01
   5.3127100e-01
   5.3192000e-01
   5.3232300e-01
   5.5585200e-01
   5.5770300e-01
   5.5420200e-01
   5.3181600e-01
   5.3158900e-01
   5.3179500e-01
   5.3468800e-01
   5.5624200e-01
   5.3235300e-01
   5.5843200e-01
   5.5758700e-01
   5.5689400e-01
   5.5810200e-01
   5.5505000e-01
   5.5832300e-01
   5.3231400e-01
   5.3273800e-01
   5.3357100e-01
   5.3924000e-01
   5.5595300e-01
   5.5505600e-01
   5.3263900e-01
   5.3196800e-01
   5.5640100e-01
   5.5601600e-01
   5.3663000e-01
   5.5561000e-01
   5.3292100e-01
   5.5730800e-01
   5.3236300e-01
   5.3233900e-01
   5.3329100e-01
   5.7529700e-01
   5.5631900e-01
   5.3296800e-01
   5.5553200e-01
   5.5423400e-01
   5.5505900e-01
   5.3782300e-01
   5.6295400e-01
   5.5694000e-01
   5.5519300e-01
   5.5632100e-01
   5.3184700e-01
   5.3254200e-01
   5.3146100e-01
   5.3306500e-01
   5.5670300e-01
   5.5567900e-01
   5.5622900e-01
   5.5871000e-01
   5.3652200e-01
   5.3270300e-01
   5.6014500e-01
   5.5842200e-01
   5.5747600e-01
   5.5603100e-01
   5.5597500e-01
   5.5679100e-01
   5.5457800e-01
   5.5548800e-01
   5.5625200e-01
   5.3306000e-01
   5.6508400e-01
   5.5800800e-01
   5.5585600e-01
   5.3304500e-01
   5.5471000e-01
   5.3238500e-01
   5.3296000e-01
   5.5726600e-01
   5.3299000e-01
   5.3329800e-01
   5.6933200e-01
   5.5685900e-01
   5.3330900e-01
   5.3277200e-01
   5.6862300e-01
   5.3242900e-01
   5.5966500e-01
   5.3192000e-01
   5.5690900e-01
   5.3404600e-01
   5.3398700e-01
   5.5732500e-01
   5.3288200e-01
   5.5636500e-01
   5.5445700e-01
   5.3292600e-01
   5.3236200e-01
   5.5588700e-01
   5.3317800e-01
   5.7215100e-01
   5.3885200e-01
   5.3250300e-01
   5.5486700e-01
   5.3191600e-01
   5.5684300e-01
   5.5691500e-01
   5.5611000e-01
   5.5815900e-01
   5.5643900e-01
   5.5710500e-01
   5.5656000e-01
   5.3310800e-01
   5.3326300e-01
   5.5488900e-01
   5.5547400e-01
   5.3350800e-01
   5.5848100e-01
   5.5809900e-01
   5.5688300e-01
   5.5975700e-01
   5.5587700e-01
   5.5576300e-01
   5.5601900e-01
   5.5472700e-01
   5.5559800e-01
   5.5594900e-01
   5.3248800e-01
   5.5584700e-01
   5.5626100e-01
   5.5573900e-01
   5.5743400e-01
   5.5425100e-01
   5.5826500e-01
   5.5709700e-01
   5.5723200e-01
   5.5620900e-01
   5.4241600e-01
   5.3408700e-01
   5.5520400e-01
   5.5473200e-01
   5.3266100e-01
   5.3357800e-01
   5.5927900e-01
   5.5502600e-01
   5.5807900e-01
   5.5516000e-01
   5.5813900e-01
   5.5575000e-01
   5.3331700e-01
   5.5582600e-01
   5.5567000e-01
   5.3292100e-01
   5.5547500e-01
   5.5518600e-01
   5.3285400e-01
   5.5544200e-01
   5.5553000e-01
   5.3306100e-01
   5.5580600e-01
   5.5574500e-01
   5.5610400e-01
   5.5513300e-01
   5.3334900e-01
   5.5680800e-01
   5.5465600e-01
   6.1763600e-01
   5.3555900e-01
   5.5572500e-01
   5.3332100e-01
   5.5734800e-01
   5.3416800e-01
   5.3285400e-01
   5.5570000e-01
   5.3361300e-01
   5.5452400e-01
   5.3327000e-01
   5.5631900e-01
   5.3333000e-01
   5.5540600e-01
   5.3327900e-01
   5.5437900e-01
   5.3220800e-01
   5.5531900e-01
   5.5819500e-01
   5.5647100e-01
   5.6393000e-01
   5.3319400e-01
   5.5830100e-01
   5.3421800e-01
   5.5717900e-01
   5.3335800e-01
   5.5677600e-01
   5.3446500e-01
   5.3191400e-01
   5.3311000e-01
   5.3143100e-01
   6.8762000e-01
   5.3385500e-01
   5.3552100e-01
   5.3429800e-01
   5.3316100e-01
   5.3376700e-01
   5.5693400e-01
   5.8580000e-01
   5.3906200e-01
   5.3409800e-01
   5.5654000e-01
   5.3211500e-01
   5.5603700e-01
   5.3753700e-01
   5.5658800e-01
   5.3352100e-01
   5.3224000e-01
   5.5600200e-01
   5.4015800e-01
   5.3292800e-01
   5.5645800e-01
   5.3345400e-01
   5.3366900e-01
   5.3186400e-01
   5.5524100e-01
   5.3366900e-01
   5.5772600e-01
   5.3350100e-01
   5.6207200e-01
   5.3297200e-01
   5.3280700e-01
   5.5823100e-01
   5.3267000e-01
   5.3976700e-01
   5.5544400e-01
   5.3308200e-01
   5.5526000e-01
   5.5581900e-01
   5.3963700e-01
   5.3242700e-01
   5.3461400e-01
   5.3436000e-01
   5.6095200e-01
   5.5713000e-01
   5.3149800e-01
   5.3254500e-01
   5.3314000e-01
   5.5673800e-01
   5.6195400e-01
   5.3253700e-01
   5.3231000e-01
   5.3304200e-01
   5.5501400e-01
   5.5592000e-01
   5.3347900e-01
   5.5659900e-01
   5.5521600e-01
   5.5736400e-01
   5.5957600e-01
   5.5875200e-01
   5.3302800e-01
   5.5565000e-01
   5.3325800e-01
   5.3495800e-01
   5.5627000e-01
   5.3419300e-01
   5.5782900e-01
   5.5715900e-01
   5.3995000e-01
   5.3345100e-01
   5.5658100e-01
   5.5540100e-01
   5.5543900e-01
   5.5763900e-01
   5.5472300e-01
   5.5453100e-01
   5.3482600e-01
   5.5646500e-01
   5.6257200e-01
   5.5716200e-01
   5.5521200e-01
   5.5408100e-01
   5.5710000e-01
   5.6159400e-01
   5.5617200e-01
   5.5733100e-01
   5.5872600e-01
   5.3867400e-01
   5.5510300e-01
   5.5448200e-01
   5.5768900e-01
   5.5856500e-01
   5.3368500e-01
   5.5485400e-01
   5.3411400e-01
   5.5866200e-01
   5.3346400e-01
   5.5710100e-01
   5.3628800e-01
   5.3495100e-01
   5.6301600e-01
   5.3258900e-01
   5.5832900e-01
   5.3246500e-01
   5.5905000e-01
   5.3381900e-01
   5.5695600e-01
   5.3281600e-01
   5.3369000e-01
   5.5670300e-01
   5.3157300e-01
   5.6255200e-01
   5.3350400e-01
   5.5504300e-01
   5.3439100e-01
   5.5725300e-01
   5.3436800e-01
   5.4015700e-01
   5.6090000e-01
   5.3435200e-01
   5.6148800e-01
   5.3367200e-01
   5.5943500e-01
   5.3690600e-01
   5.5625500e-01
   5.5683300e-01
   5.5591800e-01
   5.5577300e-01
   5.5603000e-01
   5.3372600e-01
   5.3369700e-01
   5.5632800e-01
   5.3362000e-01
   5.3362200e-01
   5.5676000e-01
   5.3382300e-01
   5.3379000e-01
   5.5836300e-01
   5.5638000e-01
   5.3343200e-01
   5.5703800e-01
   7.1276300e-01
   5.3372400e-01
   5.5651600e-01
   5.5787000e-01
   5.3376500e-01
   5.5672100e-01
   5.5815900e-01
   5.3529700e-01
   5.3316200e-01
   5.5722400e-01
   5.5632200e-01
   5.3380500e-01
   5.5589400e-01
   5.3289300e-01
   5.3357200e-01
   5.5811500e-01
   5.3455900e-01
   5.3447700e-01
   5.5729700e-01
   5.6160800e-01
   5.5684500e-01
   5.5613200e-01
   5.5692900e-01
   5.5526700e-01
   5.5873800e-01
   5.6105100e-01
   5.5721600e-01
   5.5827000e-01
   5.5464200e-01
   5.5604200e-01
   5.3419200e-01
   5.5606300e-01
   5.5601700e-01
   5.6492400e-01
   5.6261700e-01
   5.5582600e-01
   5.5694300e-01
   5.6003000e-01
   5.5622700e-01
   5.6640000e-01
   5.5728100e-01
   5.5840100e-01
   5.5569600e-01
   5.3915600e-01
   5.3375200e-01
   5.5862300e-01
   5.5705600e-01
   5.5730700e-01
   5.5594600e-01
   5.5707900e-01
   5.5727900e-01
   5.6099900e-01
   5.5657600e-01
   5.5803300e-01
   5.5649600e-01
   5.3375400e-01
   5.5683000e-01
   5.5814500e-01
   5.5730800e-01
   5.3434400e-01
   5.6618800e-01
   5.3538800e-01
   5.5978800e-01
   5.4045200e-01
   5.5820200e-01
   5.3506900e-01
   5.3476300e-01
   5.6161700e-01
   6.0610700e-01
   5.5877400e-01
   5.3256100e-01
   5.5529100e-01
   5.3342600e-01
   5.4078900e-01
   5.3391000e-01
   5.5607800e-01
   5.3403500e-01
   5.3313800e-01
   5.3205000e-01
   5.3308100e-01
   5.5489900e-01
   5.3398800e-01
   5.5730800e-01
   5.3984600e-01
   5.3300100e-01
   5.5800400e-01
   5.3372400e-01
   5.3393600e-01
   5.6164400e-01
   5.6415500e-01
   5.3216600e-01
   5.3221400e-01
   5.3299300e-01
   5.5512300e-01
   5.6626300e-01
   5.6065500e-01
   5.5690000e-01
   5.3408800e-01
   5.9563400e-01
   5.6250700e-01
   5.5434100e-01
   5.5695500e-01
   5.3912000e-01
   5.3501400e-01
   5.5590400e-01
   5.5659300e-01
   5.5870700e-01
   5.5566900e-01
   5.5433100e-01
   5.5875400e-01
   5.3245500e-01
   5.5972300e-01
   5.4032100e-01
   5.3269600e-01
   5.5999000e-01
   5.3325200e-01
   5.3323000e-01
   5.5358100e-01
   5.5796100e-01
   5.5575900e-01
   5.5931500e-01
   5.3411300e-01
   5.3994400e-01
   5.6142700e-01
   5.9135900e-01
   5.3426400e-01
   5.5652100e-01
   5.5627300e-01
   5.3311100e-01
   5.5497200e-01
   5.3355700e-01
   5.5538500e-01
   5.4128800e-01
   5.4214200e-01
   5.5747800e-01
   5.3407200e-01
