  -1.0199414e-18
  -4.2554757e-05
   7.5311060e+00
   9.1068245e+00
   6.8128369e+00
   1.0946905e+00
   4.3297367e-02
   3.7121476e-04
  -3.3546576e-06
  -7.0959912e-08
  -4.6476779e-10
  -1.9282183e-12
  -6.4646443e-15
  -1.7943519e-17
  -4.3283265e-20
  -9.3958399e-23
  -1.8808138e-25
  -3.5331219e-28
  -6.3092577e-31
  -1.0814893e-33
  -1.3805396e-30
  -9.1720626e-10
   1.8219480e-01
   8.8172933e+00
   7.7012972e+00
   3.8816959e+00
   1.8258665e+00
   5.5271011e-01
   7.3518050e-02
   3.2157923e-03
  -3.8627642e-05
  -9.2326551e-06
  -4.5440013e-07
  -1.4166493e-08
  -3.3876037e-10
  -7.0764304e-12
  -1.3745374e-13
  -2.4519248e-15
  -4.0636636e-17
  -6.3395155e-19
