  -3.5576792e-19
  -3.3372247e-06
   7.5352832e+00
   9.1037127e+00
   6.8145198e+00
   1.0937975e+00
   4.2612314e-02
   3.7746765e-04
  -1.4971762e-07
  -1.2858576e-08
  -7.2759463e-11
  -2.6615435e-13
  -7.8007099e-16
  -1.8837624e-18
  -3.9361193e-21
  -7.3675011e-24
  -1.2658795e-26
  -2.0322059e-29
  -3.0885427e-32
  -4.4883510e-35
  -5.0539995e-31
  -3.2410919e-10
   1.7549229e-01
   8.8223406e+00
   7.7023246e+00
   3.8821133e+00
   1.8257350e+00
   5.5225747e-01
   7.2615118e-02
   3.0958377e-03
   2.4911988e-05
  -1.5681257e-06
  -7.0292890e-08
  -1.8217979e-09
  -3.6913400e-11
  -6.7674824e-13
  -1.1358423e-14
  -1.7383970e-16
  -2.4622239e-18
  -3.2709493e-20
