   2.0413025209577977E-024
   1.7385093007130941E-005
   7.4543892931244260     
   9.1086184264504748     
   6.7733480785502271     
   1.1518082998102344     
   5.3066941903749866E-002
   6.2396300238208580E-004
   1.9248352739138098E-006
   1.7479540098292536E-009
   8.8558404485951624E-013
   3.0876402423921118E-016
   7.8895483341368875E-020
   1.6116878620786725E-023
   2.7886396567548504E-027
   4.2516875432384727E-031
   5.8741964864688016E-035
   7.5059087900030347E-039
   9.0056661244335228E-043
   1.0263399583049504E-046
   7.5007913140029258E-040
   4.0181971730207364E-013
  0.18754147517487191     
   8.8183893695401565     
   7.6434372798708061     
   3.8313120569577572     
   1.8348313838832842     
  0.58836335187177158     
   8.7509859554887562E-002
   4.5496461047527074E-003
   9.2359428785125083E-005
   9.3299114419535551E-007
   5.6375706904036629E-009
   2.6322341392031343E-011
   1.0950584806783652E-013
   3.8402323271759460E-016
   1.1688513439274356E-018
   3.1747846338191396E-021
   7.8618101116294127E-024
   1.8044879350191061E-026
