   1.3482432e-02
   2.4735148e-02
   7.4608477e+00
   9.0517177e+00
   6.7924413e+00
   1.0992416e+00
   9.8900445e-02
  -1.4112753e-02
   6.3078376e-02
   2.3771241e-02
   5.8705838e-02
   6.3473534e-03
  -3.2840796e-02
  -7.4069954e-02
   7.7744498e-03
   4.0927568e-02
  -1.4629407e-02
  -2.7039321e-02
  -1.5432091e-02
  -5.4829665e-02
  -2.4650491e-02
  -9.0369678e-03
   1.7628759e-01
   8.8207069e+00
   7.7329629e+00
   3.8877311e+00
   1.9164981e+00
   5.6783907e-01
   1.6255510e-01
  -3.3064820e-02
   2.6377176e-02
  -1.3012152e-02
   3.0007127e-02
   2.9696540e-02
  -1.0930108e-01
  -6.6352157e-02
  -7.2050680e-02
   2.0092225e-02
   7.3510064e-02
  -1.6340711e-02
